all_average=[-241.64521665, -164.08890733, -197.27493132, -207.73358873, -201.26562878
, -186.23295306, -190.68202419, -192.42978224, -194.7532852,-185.62913374
, -175.72072991, -183.43437993, -180.91294202, -195.82140321, -193.71366056
, -200.77851489, -196.89354899, -193.89654645, -191.54784851, -190.9610516
, -184.47997406, -180.96897636, -179.84529971, -178.09617009, -182.24368766
, -178.43470114, -175.0171635,-177.97203885, -177.21039927, -177.53718504
, -174.62496882, -172.14606448, -169.06104727, -167.2808314,-165.62991117
, -163.29734982, -161.08143024, -159.46406952, -158.30508149, -162.7013516
, -159.45159365, -158.93269533, -158.25009147, -156.71415144, -156.28309849
, -154.23918011, -153.20890392, -152.48766562, -151.39130211, -149.23754138
, -149.36150825, -148.52995715, -146.7413791,-145.59402009, -143.77155274
, -142.34219051, -141.22424929, -139.62052709, -139.65157028, -140.28011521
, -139.87842026, -139.035737, -137.5127394,-136.65556673, -135.45925956
, -135.15077873, -134.13934443, -133.91270267, -133.52153662, -132.7132157
, -132.46208684, -131.74789219, -129.85373622, -128.23727481, -127.77187627
, -126.79783663, -126.34434729, -125.42742349, -124.79157243, -124.73084683
, -122.9986594,-123.82567367, -123.15892007, -122.92057239, -121.75200285
, -123.88678114, -123.25943701, -123.08043539, -123.45644054, -124.25176045
, -123.95057275, -123.51486193, -122.72949509, -123.53822768, -123.75548596
, -123.84753272, -123.57240573, -124.73496184, -126.54429745, -126.39336175
, -126.68783878, -127.65983054, -126.03047922, -125.75785169, -124.36085395
, -126.93246458, -129.07569664, -127.65286602, -131.65153516, -133.68658473
, -136.8275838,-134.56805234, -137.48992654, -133.44061368, -134.97193763
, -135.36857077, -137.36889679, -141.66735955, -142.41722946, -144.72779882
, -149.40366295, -154.35201915, -158.16894079, -159.9781981,-160.45365394
, -163.0451525,-167.11356179, -170.40282019, -171.11875948, -172.27155393
, -173.79606445, -177.60976003, -179.88659202, -184.24513655, -186.82562297
, -190.09901894, -192.92521013, -194.91455604, -197.4834814,-197.99599369
, -200.01035613, -201.70107032, -204.31430804, -206.86035305, -209.53600582
, -212.15835653, -215.12694417, -217.64642072, -219.82535957, -222.33236822
, -223.15181984, -225.26109993, -228.81160749, -231.89403915, -234.45860456
, -235.23551602, -237.52094859, -240.05052835, -241.09873383, -241.46541571
, -242.6283862,-245.08268431, -247.56880883, -248.09576404, -250.57842413
, -252.70917053, -254.92815538, -257.48735465, -259.62500969, -261.35896266
, -263.6520506,-266.11608732, -268.84880179, -273.41709164, -275.62742898
, -278.66769558, -281.92236744, -285.08778651, -288.64377073, -291.30118224
, -294.9479101,-297.17200467, -300.37207696, -302.87061859, -306.71062883
, -307.74390535, -310.79308429, -313.88573971, -315.14456609, -315.90916548
, -318.80088779, -321.39358436, -323.80175424, -325.42038351, -326.92951847
, -329.13079464, -331.22221742, -332.04028607, -331.85234367, -333.57523877
, -334.59209817, -336.43540979, -339.36263157, -340.67384161, -342.55173144
, -343.74837208, -340.8264423,-341.57322783, -337.7664826,-336.47226246
, -334.43678916, -336.56121804, -333.94980385, -335.94939111, -334.0406526
, -333.84721257, -333.30531494, -329.55929093, -329.85392077, -326.18948897
, -323.5468099,-319.97059508, -316.90564777, -314.48736179, -311.32589632
, -309.08605021, -305.0477907,-300.01206277, -299.54566802, -298.78717906
, -299.80876241, -295.38610453, -293.31243888, -290.67332492, -289.67404889
, -286.28108033, -284.96527387, -285.92230508, -283.14302538, -281.03554126
, -278.72328507, -275.98785102, -273.39329611, -271.64292379, -270.83960162
, -268.06114194, -266.00278669, -263.76400382, -260.76210618, -258.61271194
, -258.84193526, -256.08356758, -252.32711655, -250.9591016,-249.17592639
, -247.76882072, -246.77219142, -242.23923367, -239.71120099, -238.20277662
, -237.08876308, -234.32819802, -232.95091628, -232.54660621, -230.19288656
, -228.04297019, -225.90169168, -220.72537287, -216.12915594, -216.28919526
, -215.36929246, -217.05178039, -216.73869375, -213.03380361, -211.82670193
, -211.5280511,-208.32183358, -206.20194716, -202.17306615, -199.74078926
, -197.3146073,-194.42829858, -192.49196067, -193.1583761,-190.98102487
, -189.94217671, -187.23018216, -183.38361732, -181.88501994, -180.05422964
, -177.76805544, -175.29190981, -173.89711049, -171.64794273, -169.44300903
, -168.6687633,-167.25993244, -164.90999923, -162.6690906,-162.42137205
, -159.90225543, -157.79602727, -154.77392514, -152.1389607,-152.68820064
, -148.8789413,-148.47276909, -147.97302502, -146.33486417, -145.84490938
, -144.50098128, -142.58927034, -142.35703346, -141.33669042, -140.62383526
, -137.22688676, -134.80615524, -132.37731432, -129.83639615, -129.34675552
, -127.06910484, -125.15115019, -123.34328079, -123.05548774, -123.79179957
, -123.00254708, -124.21347693, -123.89690608, -124.56337821, -125.15548136
, -122.35231778, -123.96630377, -125.6228385,-122.67413606, -120.46679168
, -120.09270709, -119.82195439, -116.80397081, -115.91447614, -115.02030452
, -114.87176896, -115.14599523, -115.99037433, -114.1427158,-111.84314576
, -111.20549125, -111.65421226, -111.57585038, -112.5288486,-114.33342435
, -114.65546996, -115.02810196, -115.92977538, -114.24192676, -114.19910606
, -114.49853796, -113.49825585, -115.88717822, -117.34621229, -117.99181741
, -117.24397303, -116.47360176, -116.62468113, -116.37575563, -116.29862044
, -116.84263448, -117.8829217,-120.7737432,-124.11672697, -123.07573394
, -122.44560949, -119.01810594, -117.36217798, -115.03631324, -115.14517601
, -114.10393755, -114.4735779,-114.7526738,-117.31389376, -116.56604013
, -116.48499228, -115.9928205,-114.93456157, -111.22973421, -112.27536183
, -106.81359755, -106.934224, -108.71024298, -110.4305708,-110.67300142
, -112.13425669, -113.84750866, -112.05801574, -113.78197565, -115.56507758
, -116.15190993, -117.68214648, -118.63860864, -120.17291545, -119.58893015
, -120.7397652,-121.45536444, -121.2193805,-120.01408786, -117.85674791
, -117.46756802, -116.98840054, -119.03035654, -121.32981884, -120.47734627
, -119.77100329, -122.96002777, -121.29102518, -124.16431012, -123.90675137
, -123.31756414, -122.25003677, -122.7480096,-124.40966851, -126.98274965
, -126.45753473, -126.8613069,-125.75860331, -124.05365405, -122.26040978
, -119.69440298, -119.36394148, -116.30285691, -111.27057283, -105.81398112
, -102.86702433, -101.91175245,-96.76282351,-95.55273298,-95.68019055
,-95.78224832,-91.98042494,-88.27093605,-89.6760023, -91.15232905
,-89.88882629,-88.06844777,-85.62754726,-83.19894285,-83.45419219
,-84.00865964,-78.6563177, -78.99728143,-75.76488766,-70.61221206
,-66.74671803,-63.3469873, -59.4789536, -57.72529055,-54.50611484
,-52.43472076,-53.00472892,-55.78165758,-51.80479505,-48.11858395
,-45.47070158,-43.22187693,-38.89458449,-38.74313269,-40.73259795
,-42.14967843,-37.98823622,-34.52189061,-29.97238592,-29.60315579
,-25.17504072,-25.37833115,-28.2529417, -28.322861,-24.21801444
,-23.23371823,-19.41117947,-18.77913161,-16.18536829,-12.99508116
, -9.47136064, -9.4145124, -10.38510353,-11.60413616, -9.42272875
,-12.84263185,-12.39354017, -7.67696468,-13.51437706,-14.34869973
,-12.60886749, -8.18939739, -8.61475824, -3.42943817,1.53792958
,6.12831619,9.61878519, 14.08154309, 18.85869797, 23.39880544]
all_rewards=[-2.41645217e+02, -8.65325980e+01, -2.63646979e+02, -2.39109561e+02
, -1.75393789e+02, -1.11069574e+02, -2.17376451e+02, -2.04664089e+02
, -2.13341309e+02, -1.03511771e+02, -7.66366916e+01, -2.68284530e+02
, -1.50655687e+02, -3.89631399e+02, -1.64205264e+02, -3.06751330e+02
, -1.34734095e+02, -1.42947503e+02, -1.49271286e+02, -1.79811910e+02
, -5.48584232e+01, -1.07238025e+02, -1.55124413e+02, -1.37866189e+02
, -2.81784109e+02, -8.32100382e+01, -8.61611848e+01, -2.57753673e+02
, -1.55884491e+02, -1.87013972e+02, -8.72584825e+01, -9.53000300e+01
, -7.03404964e+01, -1.08533708e+02, -1.09498624e+02, -8.16577026e+01
, -8.13083253e+01, -9.96217230e+01, -1.14263536e+02, -3.34155886e+02
, -2.94612757e+01, -1.37657864e+02, -1.29580730e+02, -9.06687300e+01
, -1.37316769e+02, -6.22628527e+01, -1.05816200e+02, -1.18589465e+02
, -9.87658537e+01, -4.37032654e+01, -1.55559852e+02, -1.06120851e+02
, -5.37353203e+01, -8.47839926e+01, -4.53583162e+01, -6.37272676e+01
, -7.86195411e+01, -4.82083617e+01, -1.41452075e+02, -1.77364266e+02
, -1.15776723e+02, -8.76320582e+01, -4.30868880e+01, -8.26536882e+01
, -5.88956012e+01, -1.15099525e+02, -6.73846803e+01, -1.18727705e+02
, -1.06922245e+02, -7.69390726e+01, -1.14883066e+02, -8.10400721e+01
,6.52549324e+00, -1.02355917e+01, -9.33323843e+01, -5.37448635e+01
, -9.18791572e+01, -5.48242909e+01, -7.51951896e+01, -1.19933525e+02
,1.55763348e+01, -1.90813829e+02, -6.84851249e+01, -1.03137715e+02
, -2.35921620e+01, -3.05342935e+02, -6.93078420e+01, -1.07507294e+02
, -1.56544894e+02, -1.95035233e+02, -9.68436793e+01, -8.38651778e+01
, -5.04757451e+01, -1.98750359e+02, -1.44177764e+02, -1.32591974e+02
, -9.71602150e+01, -2.37502904e+02, -3.03859187e+02, -1.11450728e+02
, -2.71092919e+02, -1.83731774e+02, -1.00711847e+02, -2.11846808e+02
, -3.56940153e+01, -3.68230637e+02, -4.31699657e+02, -6.23810267e+01
, -6.13208223e+02, -3.07016727e+02, -3.90736599e+02, -4.23313843e+01
, -4.42843107e+02,1.52998875e+01, -3.17337659e+02, -3.46414644e+02
, -3.34766697e+02, -5.72793779e+02, -2.24258276e+02, -4.10868846e+02
, -5.22444836e+02, -6.02073645e+02, -5.36816577e+02, -3.18791919e+02
, -3.29329694e+02, -3.42359894e+02, -4.93002114e+02, -5.86679513e+02
, -2.27478420e+02, -3.02293417e+02, -2.39709535e+02, -4.76669588e+02
, -2.98023695e+02, -5.44388160e+02, -3.67547265e+02, -4.08997299e+02
, -3.63927445e+02, -2.98556314e+02, -3.71156072e+02, -3.85407114e+02
, -2.30897520e+02, -3.06729283e+02, -3.90904502e+02, -3.45273231e+02
, -4.04882045e+02, -3.24497924e+02, -4.02674963e+02, -3.70537121e+02
, -3.16659738e+02, -2.94404130e+02, -2.37505014e+02, -3.17048860e+02
, -4.08786076e+02, -3.93027159e+02, -3.01814857e+02, -1.41418414e+02
, -3.07162798e+02, -3.01166337e+02, -2.46272623e+02, -2.14032454e+02
, -2.32073772e+02, -3.33061869e+02, -2.91699340e+02, -1.35349210e+02
, -3.07161610e+02, -3.28174165e+02, -2.89283165e+02, -3.74647632e+02
, -3.20687749e+02, -2.50334369e+02, -3.44191861e+02, -3.27443745e+02
, -2.66745953e+02, -4.67064576e+02, -3.14366119e+02, -3.57771524e+02
, -4.17346343e+02, -3.71366198e+02, -4.30793611e+02, -3.85674676e+02
, -3.49096451e+02, -4.13223286e+02, -3.88492353e+02, -3.52991878e+02
, -4.07593186e+02, -4.08670588e+02, -3.74225736e+02, -4.16772836e+02
, -2.82427531e+02, -2.71495172e+02, -3.86015909e+02, -3.43134835e+02
, -2.91292733e+02, -3.60613286e+02, -2.95091261e+02, -3.52719590e+02
, -3.06302493e+02, -3.19309770e+02, -2.85064947e+02, -2.83740237e+02
, -3.72778860e+02, -3.68062937e+02, -3.93434025e+02, -3.42967813e+02
, -2.23482998e+02, -4.87894701e+02, -1.39506679e+02, -1.37059580e+02
, -2.32533700e+02, -1.77594713e+02, -1.87189269e+02, -2.54774272e+02
, -1.81701687e+02, -1.84658839e+02, -1.26463808e+02, -3.27070640e+02
, -2.80576934e+02, -1.98191379e+02, -2.53721260e+02, -4.44256657e+01
, -2.58176930e+02, -2.44452163e+02, -2.30321846e+02, -7.69633209e+01
, -1.31831474e+01, -1.18375283e+02, -8.91761628e+01, -8.31067203e+01
, -1.80838945e+02, -2.26444520e+02, -3.41867870e+02, -3.44038001e+01
, -9.06571307e+01, -2.80476765e+02, -2.67619662e+02, -6.97004430e+01
, -2.32346799e+02, -3.94259435e+02, -9.32281021e+01, -1.74658703e+02
,3.28099711e-01, -3.31858782e+01, -1.31449011e+02, -1.70235999e+02
, -3.24549828e+02, -4.66519553e+01, -1.96839439e+02, -1.46658834e+02
, -1.64699741e+01, -7.94647066e+01, -2.60427345e+02, -4.12120926e+01
, -3.31409724e+01, -2.56225664e+02, -1.23497337e+02, -7.07846739e-01
, -2.07499868e+02,1.52129438e+02,6.53064463e+00, -6.31900168e+01
, -1.20672419e+02, -5.70053629e+01, -1.53971166e+02, -9.49182030e+01
, -7.17896445e+01, -1.13182529e+02, -7.51553142e+01,1.42984250e+02
,1.38933943e+02, -2.66338301e+02, -2.52201580e+02, -4.95692538e+02
, -2.35437289e+02, -9.65755623e+01, -1.93655951e+02, -3.27906441e+02
, -9.67245918e+01, -1.59377556e+02, -2.79055093e+01, -1.42446988e+02
, -1.06478256e+02, -1.24592414e+02, -1.94858562e+02, -4.19633421e+02
, -1.89858063e+02, -3.04785772e+02, -1.03026280e+02, -3.21163526e+01
, -1.32567794e+02, -8.84161425e+01, -1.57398489e+02, -9.55202721e+01
, -1.51812801e+02, -1.35696510e+02, -7.45978903e+01, -2.75295018e+02
, -1.65419407e+02, -8.43164485e+01, -6.09740841e+01, -2.58968382e+02
, -1.20867198e+02, -1.57440121e+02, -9.12238112e+01, -7.94713690e+01
, -2.78406992e+02, -1.06968767e+02, -9.88894588e+01, -8.70851726e+01
, -6.87176145e+01, -1.28599234e+02, -5.27964593e+01, -6.36031779e+01
, -1.58477999e+02, -8.26245350e+01, -5.51782924e+01,1.26242101e+01
, -3.85037822e+01,4.46927131e+01,3.70557449e-01,4.53839686e+00
, -3.04118616e+01, -5.26566985e+01, -4.95349064e+01, -4.81840151e+01
, -8.68143307e+01, -3.94500341e+01, -2.10269147e+02, -5.14496356e+01
, -2.47486158e+02, -2.85654836e+02, -6.15515114e+01, -1.95802399e+02
, -2.56310604e+02,1.43934795e+01, -4.68852237e+01, -3.22919846e+01
, -2.05271529e+02, -9.24610776e+01, -4.27863541e+00, -8.52415410e+01
,1.51816562e+01, -6.06085056e+01, -2.15886921e+02,1.45298542e+01
, -9.45928251e+01,1.71134960e+01, -2.41711540e+02, -1.38822646e+02
, -1.11769796e+02, -2.59922281e+02, -2.92631907e+02, -7.84752927e+01
, -1.23308315e+02, -8.74408017e+01, -1.19215266e+02, -3.06510371e+01
, -1.07471657e+02, -8.67627987e+01, -1.39372763e+02, -1.27750529e+02
, -4.58879800e+01,2.00317634e+01, -1.69079102e+02, -7.00256526e+01
, -6.40761259e+01, -1.67583933e+02, -1.79184036e+02, -1.46097900e+02
, -1.95364434e+02, -1.62238998e+02, -1.89189135e+02, -1.52942183e+02
, -6.98444930e+01,1.36010911e+02, -2.04542227e+02, -2.23782595e+02
, -1.33688627e+02, -1.87287146e+02, -2.84027505e+02, -6.76616251e+01
, -9.83734702e+01, -7.53752352e+01, -8.90326694e+01, -4.91506846e+01
, -2.94420826e+02,2.41390656e+02, -1.15088925e+02, -2.09718251e+02
, -3.04600575e+02, -1.12659204e+02, -3.03524016e+02, -2.66845469e+02
,2.71364906e+01, -3.08092501e+02, -2.52908083e+02, -3.33978253e+02
, -3.18443062e+02, -1.79962664e+02, -2.14404765e+02, -2.00569852e+02
, -2.35950702e+02, -2.29000044e+02, -6.76254172e+01,4.10578952e+01
, -6.26729982e+01, -6.80507777e+01, -5.09727107e+01, -2.91280773e+02
, -2.98663845e+02, -4.33519774e+01,1.78378386e+01, -3.82505625e+02
,8.42225967e+00, -3.69953029e+02, -2.94224178e+01,7.15429338e+01
,6.82489541e+01, -5.10456930e+00, -1.65795334e+02, -2.52769717e+02
,2.21096305e+01, -9.30339160e+01,6.07354531e+01,1.22310911e+02
,9.25100955e+01,2.17150646e+02, -1.77222997e+02,2.54658822e+02
,2.55742250e+02,2.60004335e+02,2.33144168e+02, -1.00275211e+02
,2.58582290e+02,1.35402532e+02, -5.96309804e+01, -4.24977614e+01
,1.74910808e+02,2.78487812e+02, -1.44785261e+02, -2.32874216e+02
,1.41531932e+02,1.21429346e+02,2.82031303e+01,2.57390295e+02
, -1.20117759e+02, -3.83332488e+01,2.93522654e+02, -1.72919019e+02
,2.11469581e+02,2.55345279e+02,9.39174965e+01,2.61497780e+02
,2.63495055e+02,8.79255035e+01,2.02702305e+02,1.76488371e+02
, -1.64472473e+02, -3.64455665e+02,2.58313490e+02,2.40870582e+02
,2.18900257e+02,2.44914229e+02,2.63650142e+02, -5.48804724e+01
, -2.63022653e+02, -3.09291980e+02,2.36960185e+02,2.00536660e+02
,2.59586035e+02, -1.25315985e+02,2.53622372e+02, -1.73271226e+02
, -3.57305548e+02,1.29018981e+02,2.05942430e+02, -1.25352974e+02
,2.48565249e+02, -1.24082360e+02, -2.46511736e+01,2.51367088e+02
,2.53998582e+02, -6.96904108e+01, -1.86091783e+02, -1.71053948e+02
, -7.62800844e+01, -1.00599655e+02, -7.01797565e+01,2.61939297e+02
, -8.88341813e+02, -1.96091471e+02, -1.29540792e+02,1.75101541e+02
, -1.53995949e+01,2.10439505e+02,2.43828692e+02,1.25060408e+02
,3.06038383e+01,2.66313126e+02,2.63310723e+02,2.53440894e+02]