all_average=[-226.32658745, -149.04084725, -186.41986022, -176.33074709, -154.23845049
, -154.09056728, -123.74339342, -123.46777891, -126.01465681, -128.57483045
, -127.76565468, -125.10670283, -136.28060994, -133.38506695, -144.69700281
, -144.40675445, -147.16792154, -152.50178276, -152.47505083, -160.7092505
, -149.81221773, -148.01602501, -156.06442973, -156.25000374, -156.76793736
, -159.46933092, -165.54466705, -162.58725712, -160.07485496, -155.55480954
, -154.20994603, -152.33005653, -152.13017657, -150.27613823, -147.9925209
, -146.82266488, -145.56762726, -143.94192172, -140.3197344,-139.1954929
, -138.26073373, -137.10863055, -135.38817764, -133.76044778, -135.99040847
, -134.11196417, -132.94698682, -130.49634672, -128.71992516, -127.41757075
, -126.93492424, -126.63614738, -126.83748342, -125.7129312,-124.83686312
, -124.40132682, -123.02166843, -123.77939845, -122.44658362, -120.7189823
, -122.09508252, -120.61765867, -119.68092523, -119.03343169, -117.94239465
, -116.29113454, -116.02612679, -115.2860279,-114.48021333, -114.15886105
, -114.85486954, -114.00402953, -114.37941998, -113.45783487, -114.07598484
, -113.97496413, -113.81957522, -113.94768201, -114.12506305, -113.25734457
, -113.08345808, -113.33013564, -113.64892925, -112.54775287, -111.31182311
, -110.11804392, -109.81777483, -108.48924939, -108.55969284, -107.36390354
, -106.63993943, -106.13316144, -105.28159204, -104.66324436, -104.4665171
, -104.02561894, -102.99192502, -102.79569745, -103.73569371, -104.36805789
, -102.27120888, -101.7136228, -99.22425541,-97.81947523,-96.90440158
,-95.95136848,-97.49211325,-96.98168272,-96.29583311,-95.69345116
,-94.94724079,-94.81845359,-92.78943537,-93.23101837,-91.12978548
,-90.25876041,-88.67980907,-87.40186466,-87.89698476,-87.57750471
,-88.34454381,-89.5697026, -86.84529072,-83.60817542,-83.53529909
,-84.07774852,-80.55414696,-81.24239903,-81.41881788,-79.14786242
,-80.49705454,-79.18912495,-80.53366141,-82.0725039, -82.12716154
,-80.66976147,-78.16027461,-76.00884171,-78.8499591, -75.53366848
,-72.84559197,-74.20452317,-76.19129299,-78.15271919,-79.93474883
,-80.79411015,-81.24446155,-82.81071324,-83.21212583,-86.55998595
,-86.33298761,-85.97178472,-82.91222216,-82.0328103, -79.77219647
,-78.44549563,-77.39140186,-76.38594619,-74.46821698,-75.97352458
,-77.29665764,-78.24051737,-76.93559217,-73.88913601,-74.66829381
,-74.06070042,-70.89000205,-68.76510945,-67.84739876,-65.06788462
,-63.10133164,-61.50664052,-59.20678542,-57.39048169,-54.35242838
,-52.38455816,-49.03766077,-49.21762295,-46.79225082,-46.66473331
,-46.28928531,-44.87699254,-44.78325412,-44.48315975,-44.74995946
,-44.99633778,-43.00222359,-43.71932599,-43.26171478,-43.16865286
,-39.95383001,-41.62599522,-40.90216974,-43.00012928,-43.94235419
,-43.17250611,-43.46742716,-42.5407868, -38.92772561,-36.2764714
,-33.92723714,-32.30372341,-31.12583399,-29.05313583,-27.70718333
,-26.18835509,-24.81089191,-21.96451649,-23.84554445,-20.42655458
,-21.8805601, -21.73300167,-19.39763596,-18.98598251,-23.24175402
,-21.52504784,-20.19568689,-17.13400487,-15.86188537,-15.57338189
,-17.45219598,-13.72681792,-10.81460072, -9.79413749, -9.40183469
, -4.46177061, -6.71409405, -3.33913717, -3.3943934,-4.25190462
, -2.66148795, -4.18697649, -3.43840639, -1.98283771, -1.62145483
, -4.09928132, -3.35088342, -2.98315198, -1.97250245, -5.19240546
, -9.40711425, -8.79984537, -6.88353695, -5.30474911, -2.2461853
,1.35003613,4.76000033,8.96929995, 12.08419408, 17.32295606
, 16.13900179, 18.79242823, 14.85345666, 14.22773939, 14.35497568
, 11.3696417, 9.75351179,9.81813218,5.37713595,6.42425857
,9.42962834, 10.53584794,8.69349096,7.50100013,7.788168
,6.61166423,6.30359225,6.67315301,8.75514138,9.76104902
, 11.75272877, 13.1348601,11.9504596,12.88273764, 13.06199914
, 13.6688574,13.48065905, 16.71682071, 18.38624837, 16.93184086
, 19.59957061, 21.51230003, 25.01555762, 27.45412584, 29.56917235
, 28.99207629, 26.58360584, 28.86259104, 29.14833529, 28.29425894
, 27.22805639, 31.75166683, 28.88531158, 33.63234436, 37.85927028
, 39.75485775, 42.39095574, 44.78229277, 44.85283732, 46.55576016
, 46.83571143, 47.97161134, 49.28164564, 49.92479664, 50.85465067
, 52.13464152, 53.82835288, 53.6112895,58.59559411, 57.82197867
, 61.25900766, 63.69121716, 63.43537959, 66.51503344, 70.2363994
, 71.4465348,72.66847722, 73.43830127, 76.89759055, 80.47768081
, 85.07891076, 86.50205055, 85.69976472, 84.99442416, 88.51794035
, 88.296247, 92.63977781, 92.62090498, 96.39349213, 95.2288397
, 97.86179886,101.4214772, 105.84527505,106.35744141,108.56188217
,113.15134697,110.15900579,110.72191538,115.18406061,118.03627454
,122.07140749,125.97579641,128.01226536,130.09369537,133.23791666
,129.23352324,128.29321822,128.34533629,125.33277456,126.15781848
,127.98506956,128.67946275,133.43420939,132.65035749,132.99436913
,137.85964936,138.72473025,141.55961424,142.90070612,146.1579319
,149.18725235,151.93053819,155.58151983,156.81390132,160.10674569
,163.26864896,163.68293091,163.96193116,164.32622148,164.00443283
,163.22765071,163.52152583,161.72859077,161.84870666,162.31134025
,163.7819067, 163.92649601,164.20254036,161.28674282,164.09043101
,163.16190749,164.14308522,164.56929604,164.50783018,164.80249284
,168.22017384,172.26506737,173.19137539,176.10887282,179.4313107
,180.26210272,180.44779042,185.16315998,182.10036039,182.3426064
,182.87220461,180.11678915,180.30505768,180.64427636,180.44624259
,180.39841816,180.19488787,180.31977529,180.33561413,180.19971621
,180.12065779,180.27985812,180.41101529,180.52642578,181.58685896
,182.42756748,183.04818088,184.00295429,181.86646038,185.65195926
,185.85357771,185.86479582,183.17795956,180.162522,181.64181573
,181.61289232,180.06811176,181.27044657,181.94504734,182.03310027
,182.23239229,182.8401876, 183.51264738,183.39286341,185.07695388
,185.87881735,186.23464114,186.3139492, 189.56857647,190.39348086
,185.99808066,189.32850306,183.2585049, 181.99633576,182.76263706
,184.0518924, 183.39562697,184.67457676,186.18432955,186.56606043
,191.04487191,192.24120896,192.17689979,195.52978714,195.6721626
,198.47546828,198.52801776,193.70632391,197.32515782,198.08677013
,198.64963891,197.60699274,198.28791656,202.43828444,201.9689997
,201.60159778,201.72501719,201.07493923,201.75194151,201.35508275
,201.30624043,199.00700859,199.42935575,198.97043408,199.0630191
,199.5299334, 199.18442302,203.89693067,204.07556604,204.4185466
,203.90610485,203.81496586,204.15866574,206.92874078,207.7889035
,207.77814143,204.89327024,204.90212824,204.67600716,205.3162496
,205.37414545,205.17367897,205.05139097,203.78967587,198.31342978
,193.48814996,193.62882788,193.81884732,197.24655431,197.20752364
,197.32446535,200.00314154,199.41159238,199.99708115,200.39205474]
all_rewards=[-2.26326587e+02, -7.17551071e+01, -2.61177886e+02, -1.46063408e+02
, -6.58692641e+01, -1.53351151e+02,5.83396497e+01, -1.21538477e+02
, -1.46389680e+02, -1.51616393e+02, -1.19673897e+02, -9.58582325e+01
, -2.70367495e+02, -9.57430082e+01, -3.03064105e+02, -1.40053029e+02
, -1.91346595e+02, -2.43177423e+02, -1.51993876e+02, -3.17159044e+02
,6.81284376e+01, -1.10295978e+02, -3.33129334e+02, -1.60518206e+02
, -1.69198344e+02, -2.27004170e+02, -3.23503406e+02, -8.27371892e+01
, -8.97275943e+01, -2.44734924e+01, -1.13864041e+02, -9.40534819e+01
, -1.45734018e+02, -8.90928730e+01, -7.03495318e+01, -1.05877704e+02
, -1.00386273e+02, -8.37908166e+01, -2.67661634e+00, -9.53500746e+01
, -1.00870367e+02, -8.98724002e+01, -6.31291552e+01, -6.37680637e+01
, -2.34108679e+02, -4.95819709e+01, -7.93580287e+01, -1.53162620e+01
, -4.34516901e+01, -6.36022045e+01, -1.02802599e+02, -1.11398527e+02
, -1.37306958e+02, -6.61116637e+01, -7.75291868e+01, -1.00446830e+02
, -4.57607984e+01, -1.66970010e+02, -4.51433231e+01, -1.87905045e+01
, -2.04661096e+02, -3.04948040e+01, -6.16034521e+01, -7.82413385e+01
, -4.81160242e+01, -8.95922748e+00, -9.85356152e+01, -6.56994021e+01
, -5.96848227e+01, -9.19855535e+01, -1.63575464e+02, -5.35943886e+01
, -1.41407532e+02, -4.61821217e+01, -1.59819083e+02, -1.06398411e+02
, -1.02010018e+02, -1.23811905e+02, -1.27960784e+02, -4.47075850e+01
, -9.91725385e+01, -1.33311018e+02, -1.39790005e+02, -2.11501132e+01
, -7.49372352e+00, -8.64681306e+00, -8.39946329e+01,7.09246405e+00
, -1.14758717e+02, -9.38655853e-01, -4.14831694e+01, -6.00163648e+01
, -2.69372070e+01, -4.71569099e+01, -8.59741543e+01, -6.21402942e+01
, -3.75730822e+00, -8.37616233e+01, -1.95855328e+02, -1.66972112e+02
, -1.66416869e+01, -1.59964984e+01, -1.22411475e+01, -5.58538945e+00
,2.56381012e+01, -5.80478419e+01, -9.57348270e+01, -7.04954245e+01
, -7.78047188e+01, -9.13781977e+01, -4.50528601e+01, -8.29795131e+01
, -6.74656734e+01, -1.39901308e+02, -9.29408156e+01, -5.29505226e+01
, -3.34514605e+01, -1.15382983e+02, -2.01505886e+02, -2.85211040e+02
, -8.57547229e+00, -2.32811857e+02, -6.06881450e+01,1.63193324e+02
, -1.61910711e+02, -2.81249113e+02,2.88567490e+01, -1.51562396e+02
, -1.07369479e+02,2.02622054e+02, -2.48783253e+02,3.67394778e+01
, -2.80187664e+02, -2.42977122e+02, -7.58152959e+01,3.98623035e+01
,1.50562413e+02,1.31352473e+02, -2.86788355e+02,2.36278987e+02
,1.67937285e+02, -2.25765520e+02, -2.61806138e+02, -2.59910684e+02
, -4.12311643e+02, -1.35518103e+02, -1.24393169e+02, -1.71941431e+02
, -8.35929488e+01, -3.98388216e+02, -8.01027653e+01, -7.52782385e+01
,1.68649299e+02,2.18295226e+01,1.48532196e+02,3.22232540e+01
,5.96485785e+01, -6.64244434e+01,1.46629598e+02, -1.69321264e+02
, -3.36974401e+02, -1.24880777e+02,6.88890673e+01,2.26404277e+02
, -1.26031804e+02,5.18001110e+01,2.18534222e+02,1.46789858e+02
,3.20862462e+01,1.85965861e+02,3.30798342e+01,1.05874723e+02
,8.85779784e+01,1.35448251e+02,1.43986248e+02,9.03886104e+01
,2.32679722e+02, -1.41808123e+02,1.14576429e+02, -3.19558344e+01
, -6.16277384e+01,7.91825969e+00, -1.30416164e+02,8.85932435e+00
, -3.41736946e+01, -3.32846450e+01,1.15416786e+02, -6.46177762e+01
, -6.89975950e+01,8.36753613e+00,2.79999115e+02, -2.27232886e+02
,4.54453411e+01, -2.56952864e+02, -1.80196645e+02,1.48445135e+01
, -3.32494135e+01,8.90241267e+00,1.65450791e+02,9.81533094e+01
,2.18281740e+02,1.46354874e+02,1.05547794e+02,2.01684427e+02
,1.60233352e+02,9.38349818e+01,4.20114910e+01,2.14142117e+02
, -2.65907515e+02,2.50520790e+02, -1.90453413e+02, -6.82236703e+01
,1.66070898e+02, -9.87359625e+01, -5.18517967e+02,1.18720096e+02
,9.94846347e+01,1.90785219e+02, -7.42939363e+01, -2.56360692e+02
, -1.96456880e+02,1.39725948e+02,2.30533576e+02,2.65239647e+02
, -1.22680432e+02,2.12757296e+02, -1.96375596e+02,1.85933292e+02
, -1.12895101e+02,1.16870931e+02, -8.97415858e+01, -1.15809376e+02
, -2.05330654e+02, -9.74202544e+01, -3.96770078e+01, -2.07920346e+02
,2.25402202e+02,1.68125617e+02, -1.85723401e+02, -8.57113142e+01
, -2.53533594e+02, -1.65038632e+02, -7.01752966e+01, -1.02031899e+02
, -1.06455262e+02,2.24104040e+02,2.16603251e+02,2.48988531e+02
,2.27896463e+02,1.25487983e+02, -1.98498193e+02,1.90064405e+02
, -2.25247859e+02, -4.07422041e+01,1.61255825e+02, -2.66310145e+02
, -1.01964412e+02, -5.99624038e+01, -2.97470025e+02, -6.46090019e+01
, -3.64374239e+01, -1.42588177e+01, -1.15346630e+02,1.07155194e+02
, -9.73150167e+01, -6.58502662e+01,1.87727025e+02,1.83745934e+02
,2.40285083e+02,2.86556625e+02,2.32247810e+02,2.44087855e+02
, -2.98620713e+01,2.28676055e+02,1.61912398e+02,1.51074437e+02
,2.13859887e+02,1.81808043e+02,2.81519195e+02, -1.77396585e+02
,2.05145236e+02,1.99191202e+02,2.19909594e+02,2.52716146e+02
,1.77330957e+02, -9.09942512e+01, -1.25430260e+02,1.63280744e+02
, -4.04231701e+01, -7.70400995e+01,1.73378861e+02,2.25128158e+02
, -2.41190183e+02,2.17750413e+02,2.42495948e+02,2.04403261e+02
,2.30360385e+02,2.48036115e+02,1.72505246e+02,2.68445594e+02
,2.46276867e+02,2.59944865e+02,2.36551224e+02,2.65999527e+02
,2.53218755e+02,2.21834066e+02,2.11382627e+02,1.92435779e+02
,2.32522946e+02,1.73159246e+02,1.53249486e+02,1.74997280e+02
,1.40487141e+02,2.09229423e+02, -1.46381371e+02,2.39733636e+02
,2.21678877e+02,2.67767624e+02,2.71634992e+02,1.01648334e+02
,2.63666115e+02,2.82039927e+02,1.50304992e+02,1.94705591e+02
,2.29671187e+02,1.90587961e+02,2.37977485e+02,1.84046009e+02
,2.64363614e+02,4.05688343e-01,1.73554331e+02,2.40158457e+02
,2.37049131e+02, -4.62036184e+01,1.80767068e+02,2.51026135e+02
, -7.38319151e+01,2.24416575e+02,2.60491122e+02,1.99510079e+02
,1.49979701e+02,2.25400260e+02,1.33471598e+02,1.06111102e+02
,2.07966867e+02, -1.76335302e+02,1.22572749e+02,2.54200338e+02
, -7.33597096e+01,2.07992374e+02, -1.57730842e+01,2.59503724e+02
,2.50226805e+02, -1.19127394e+02,1.95656989e+02,2.20217878e+02
, -1.54563227e+01,2.23525994e+02, -1.63360837e+02,2.61113576e+02
,2.66494621e+02,2.60069767e+02,2.49751534e+02,2.30393343e+02
,2.31969421e+02,2.50340061e+02,2.29155219e+02,2.11645959e+02
,2.76714114e+02,2.54377760e+02,1.54569598e+02,2.73475367e+02
, -2.09155577e+02,2.40687644e+02,2.08175757e+02,2.98131082e+02
,2.28318817e+02,2.09412479e+02, -1.00605591e+01,1.02972233e+02
,1.12292884e+02,2.97308976e+02,2.62530676e+02,2.46569560e+02
,2.06797223e+02,2.50773848e+02,2.79059094e+02,2.55911546e+02
,2.51326573e+02,2.55203689e+02,2.56458063e+02,2.43696928e+02
,2.30346773e+02, -8.85295456e+01,2.66720548e+02,2.57363082e+02
, -4.51811607e+01,2.66862968e+02,2.06427114e+02,2.48642217e+02
,2.41494424e+02,2.39591835e+02,2.49039966e+02,2.67583412e+02
,2.39628962e+02,2.13928225e+02,2.27302660e+02,2.05551497e+02
,2.44063995e+02,2.79202564e+02,2.37320338e+02,2.37058621e+02
,2.35964482e+02, -4.41996901e+00,2.32168517e+02,2.59895480e+02
,2.22800688e+02, -9.16001036e-01, -2.99087640e+01,2.49577706e+02
,2.60773774e+02,1.27561871e+02,2.70538474e+02,2.62165668e+02
,2.38476480e+02,2.10517163e+02,2.98757016e+02,2.51291987e+02
,2.52385216e+02,1.68814736e+02,2.53740677e+02,2.75740836e+02
,2.44979937e+02,2.79259108e+02,2.63257507e+02, -1.88513885e+02
,2.59210325e+02, -3.82583241e+02,1.34274207e+02,2.76140210e+02
,2.78905234e+02,1.59773717e+02,2.61366577e+02,2.57086381e+02
,2.46139955e+02,2.71545846e+02,2.42206455e+02,2.47769422e+02
,2.61929025e+02,2.22229920e+02,2.64557484e+02,2.64758672e+02
, -2.31942579e+02,2.42755997e+02,2.71818220e+02,2.76504756e+02
, -1.19720939e+02,2.91618377e+02,2.51675951e+02,2.14185101e+02
,2.29754429e+02,2.72411708e+02,1.84743738e+02,2.98093570e+02
,1.92283545e+02,2.45455830e+02, -7.67964992e-01,2.53880675e+02
,2.30821947e+02,2.63636262e+02,2.01261028e+02,2.38924329e+02
,2.62095188e+02,2.58551181e+02,2.42473814e+02,2.46886906e+02
,2.19204918e+02,2.43782467e+02,2.66946945e+02,1.88988505e+02
,1.11216678e+02,8.82185676e+00,2.63416477e+02,2.23957452e+02
,2.70821467e+02,2.56563433e+02,2.59012447e+02,2.43682745e+02
,1.25155063e+02, -2.92420920e+02, -2.26069919e+02,2.57764720e+02
,2.49348716e+02,2.54241153e+02,2.62817481e+02,2.69057253e+02
,2.22686459e+02,2.07708052e+02,2.64975991e+02,2.88139576e+02]