all_average=[1.15213123e+01,7.76830521e+00 ,-3.17226097e+01 ,-8.42938232e+01
 ,-8.69310767e+01 ,-1.09912887e+02 ,-1.31139313e+02 ,-1.42020820e+02
 ,-1.63359905e+02 ,-1.75138266e+02 ,-1.74021263e+02 ,-1.78671179e+02
 ,-1.70080510e+02 ,-1.67341160e+02 ,-1.63389627e+02 ,-1.71626896e+02
 ,-1.66055001e+02 ,-1.65080189e+02 ,-1.65577739e+02 ,-1.60617314e+02
 ,-1.72519375e+02 ,-1.82463059e+02 ,-1.83871535e+02 ,-1.77404974e+02
 ,-1.91643705e+02 ,-1.85499881e+02 ,-1.83125563e+02 ,-1.81821426e+02
 ,-1.85788018e+02 ,-1.91010746e+02 ,-1.93667956e+02 ,-1.90383092e+02
 ,-1.96506678e+02 ,-2.03747855e+02 ,-2.02857376e+02 ,-1.99913168e+02
 ,-1.99462293e+02 ,-1.94651898e+02 ,-1.96639859e+02 ,-1.93273404e+02
 ,-1.92783303e+02 ,-1.91182846e+02 ,-1.95021650e+02 ,-1.94526813e+02
 ,-1.94370067e+02 ,-2.01045624e+02 ,-2.01185173e+02 ,-2.01285616e+02
 ,-1.99291279e+02 ,-1.97590495e+02 ,-1.96660920e+02 ,-1.93981767e+02
 ,-1.92018718e+02 ,-1.90893393e+02 ,-1.89944653e+02 ,-1.85313796e+02
 ,-1.84670547e+02 ,-1.86187606e+02 ,-1.87651690e+02 ,-1.87591627e+02
 ,-1.86104758e+02 ,-1.84393143e+02 ,-1.82833035e+02 ,-1.80699021e+02
 ,-1.80235984e+02 ,-1.80934592e+02 ,-1.81427785e+02 ,-1.81609092e+02
 ,-1.81165619e+02 ,-1.80587841e+02 ,-1.79196744e+02 ,-1.78535587e+02
 ,-1.78163493e+02 ,-1.77226586e+02 ,-1.76413174e+02 ,-1.77589552e+02
 ,-1.76214571e+02 ,-1.75021756e+02 ,-1.72367121e+02 ,-1.71472974e+02
 ,-1.69547944e+02 ,-1.69528437e+02 ,-1.68655271e+02 ,-1.67597866e+02
 ,-1.68018937e+02 ,-1.68334750e+02 ,-1.68325137e+02 ,-1.68210987e+02
 ,-1.67392486e+02 ,-1.66856680e+02 ,-1.65658071e+02 ,-1.65118631e+02
 ,-1.63782271e+02 ,-1.64094781e+02 ,-1.63315316e+02 ,-1.62257587e+02
 ,-1.61169176e+02 ,-1.60036345e+02 ,-1.59059091e+02 ,-1.57856051e+02
 ,-1.58825470e+02 ,-1.59126170e+02 ,-1.59011606e+02 ,-1.57230628e+02
 ,-1.56590474e+02 ,-1.54827527e+02 ,-1.52691899e+02 ,-1.53334971e+02
 ,-1.52312173e+02 ,-1.51692779e+02 ,-1.52368020e+02 ,-1.52600819e+02
 ,-1.55500977e+02 ,-1.56944993e+02 ,-1.59106007e+02 ,-1.59294204e+02
 ,-1.62260158e+02 ,-1.63874983e+02 ,-1.65886699e+02 ,-1.68102056e+02
 ,-1.66240784e+02 ,-1.65189338e+02 ,-1.63356576e+02 ,-1.64608245e+02
 ,-1.61450624e+02 ,-1.63072294e+02 ,-1.63184691e+02 ,-1.63078652e+02
 ,-1.61154306e+02 ,-1.59725491e+02 ,-1.57203326e+02 ,-1.58399649e+02
 ,-1.55134286e+02 ,-1.55370391e+02 ,-1.55497931e+02 ,-1.55885924e+02
 ,-1.56113866e+02 ,-1.57715607e+02 ,-1.56484483e+02 ,-1.55965293e+02
 ,-1.54550343e+02 ,-1.55318860e+02 ,-1.53650427e+02 ,-1.53457885e+02
 ,-1.52441917e+02 ,-1.48946461e+02 ,-1.48069112e+02 ,-1.48155263e+02
 ,-1.48602767e+02 ,-1.48908591e+02 ,-1.48839189e+02 ,-1.50154499e+02
 ,-1.50647470e+02 ,-1.50658296e+02 ,-1.49969634e+02 ,-1.52040891e+02
 ,-1.51306744e+02 ,-1.49427491e+02 ,-1.53906027e+02 ,-1.52749162e+02
 ,-1.53030949e+02 ,-1.53206346e+02 ,-1.53128572e+02 ,-1.53761021e+02
 ,-1.53259120e+02 ,-1.51453921e+02 ,-1.49762077e+02 ,-1.48432252e+02
 ,-1.47294763e+02 ,-1.46531505e+02 ,-1.47019776e+02 ,-1.46614790e+02
 ,-1.45622689e+02 ,-1.46071376e+02 ,-1.46269283e+02 ,-1.45043134e+02
 ,-1.44919136e+02 ,-1.45443148e+02 ,-1.47016648e+02 ,-1.47144382e+02
 ,-1.49079515e+02 ,-1.48284420e+02 ,-1.52335667e+02 ,-1.52571409e+02
 ,-1.51111892e+02 ,-1.49229394e+02 ,-1.48860316e+02 ,-1.47265203e+02
 ,-1.47336279e+02 ,-1.47294847e+02 ,-1.46849070e+02 ,-1.46391161e+02
 ,-1.47309297e+02 ,-1.46278631e+02 ,-1.47330098e+02 ,-1.47470049e+02
 ,-1.47218309e+02 ,-1.46941480e+02 ,-1.47243392e+02 ,-1.47510745e+02
 ,-1.47550869e+02 ,-1.48797240e+02 ,-1.48648800e+02 ,-1.49695205e+02
 ,-1.51368302e+02 ,-1.48261099e+02 ,-1.48156481e+02 ,-1.45924143e+02
 ,-1.43875787e+02 ,-1.41636655e+02 ,-1.40392955e+02 ,-1.38542804e+02
 ,-1.35429915e+02 ,-1.33513767e+02 ,-1.30872473e+02 ,-1.28006163e+02
 ,-1.25516764e+02 ,-1.22892182e+02 ,-1.19084696e+02 ,-1.16802490e+02
 ,-1.15568700e+02 ,-1.12881105e+02 ,-1.13506222e+02 ,-1.12866403e+02
 ,-1.11268967e+02 ,-1.09613621e+02 ,-1.06404511e+02 ,-1.05972476e+02
 ,-1.05336246e+02 ,-1.03513986e+02 ,-1.03369514e+02 ,-1.01377458e+02
 ,-1.02846583e+02 ,-9.94615336e+01 ,-9.79178161e+01 ,-9.72815981e+01
 ,-9.63179223e+01 ,-9.73640114e+01 ,-9.74339485e+01 ,-9.84950806e+01
 ,-9.89721168e+01 ,-9.48788343e+01 ,-9.39465868e+01 ,-9.73827291e+01
 ,-9.51896649e+01 ,-9.19138160e+01 ,-9.14284536e+01 ,-8.80634989e+01
 ,-8.55442701e+01 ,-8.24704165e+01 ,-8.17262534e+01 ,-8.14478516e+01
 ,-8.04208401e+01 ,-7.74675370e+01 ,-7.72406477e+01 ,-7.47417124e+01
 ,-7.41641570e+01 ,-7.07053643e+01 ,-6.13598770e+01 ,-6.08659761e+01
 ,-5.72352905e+01 ,-5.45843333e+01 ,-5.21002301e+01 ,-5.16704750e+01
 ,-4.82818462e+01 ,-4.52196917e+01 ,-4.23880369e+01 ,-4.19728541e+01
 ,-3.94370000e+01 ,-3.60750554e+01 ,-3.54489875e+01 ,-3.41431555e+01
 ,-3.11962917e+01 ,-2.71316607e+01 ,-2.38925027e+01 ,-2.05220578e+01
 ,-1.78515619e+01 ,-1.45823652e+01 ,-1.33812153e+01 ,-1.00512320e+01
 ,-6.62895810e+00 ,-6.99308037e+00,2.86079762e-01 ,-6.59721468e+00
 ,-6.58137580e+00 ,-3.57887270e+00 ,-2.41134800e+00 ,-7.60698998e-01
 ,-1.81857025e+00,1.71489121e+00 ,-2.81094830e+00,1.26264914e-01
,1.73309423e+00,5.06803621e+00,9.50108275e+00,1.31900246e+01
,1.61128257e+01,1.58637537e+01,1.48254335e+01,1.80324156e+01
,2.09113845e+01,2.45385702e+01,2.74062777e+01,2.74838899e+01
,3.01790177e+01,2.85835608e+01,3.10285179e+01,3.04747520e+01
,3.33601805e+01,3.14151513e+01,3.29932303e+01,3.56429793e+01
,3.41620664e+01,3.69664088e+01,3.88542616e+01,4.11564062e+01
,4.03208922e+01,4.09208649e+01,4.07162741e+01,4.40406399e+01
,4.48909029e+01,4.43913989e+01,4.81248292e+01,4.51221210e+01
,4.33837384e+01,4.59540060e+01,4.61508752e+01,4.93676570e+01
,5.21802032e+01,5.51160998e+01,5.72043171e+01,5.79155982e+01
,5.68610084e+01,5.92675315e+01,6.20925624e+01,6.48855346e+01
,6.52544761e+01,6.44692669e+01,6.85178546e+01,6.99534415e+01
,7.26148303e+01,7.28324478e+01,7.58754043e+01,8.36198622e+01
,8.18542852e+01,7.94194467e+01,7.99336687e+01,8.08506282e+01
,7.75443082e+01,7.62854034e+01,7.51371008e+01,7.49916561e+01
,7.52170100e+01,7.33204587e+01,7.50730532e+01,7.62233051e+01
,7.86778976e+01,7.76641255e+01,7.76517722e+01,7.71171517e+01
,7.66171325e+01,7.42324335e+01,7.41673281e+01,7.61882444e+01
,7.63388351e+01,7.61595899e+01,7.61680906e+01,7.88384158e+01
,7.94006676e+01,7.92777528e+01,8.25489362e+01,8.23864174e+01
,7.94218459e+01,7.90394891e+01,7.48341350e+01,7.53498862e+01
,7.55693846e+01,7.63046711e+01,7.85735599e+01,7.84417180e+01
,7.97632785e+01,8.37122563e+01,8.24005217e+01,9.23668958e+01
,9.56213804e+01,9.45289012e+01,9.49702700e+01,9.54416633e+01
,9.67437477e+01,9.66919092e+01,1.03753641e+02,1.03078675e+02
,1.05280889e+02,1.05497606e+02,1.05359464e+02,1.05299934e+02
,1.02033492e+02,1.04659693e+02,1.09015591e+02,1.09359295e+02
,1.09784847e+02,1.10198273e+02,1.08897663e+02,1.09838963e+02
,1.11465702e+02,1.12798160e+02,1.10757851e+02,1.14618217e+02
,1.11695651e+02,1.15940614e+02,1.18034275e+02,1.15242219e+02
,1.19744365e+02,1.20590893e+02,1.22199271e+02,1.22763571e+02
,1.22574585e+02,1.23954523e+02,1.26632258e+02,1.26942588e+02
,1.29779404e+02,1.27964605e+02,1.27843547e+02,1.34252226e+02
,1.39519332e+02,1.39513584e+02,1.39447129e+02,1.39933214e+02
,1.40168167e+02,1.40320473e+02,1.40346957e+02,1.41836812e+02
,1.46364465e+02,1.47673367e+02,1.47882607e+02,1.47689026e+02
,1.50016166e+02,1.53386962e+02,1.53294067e+02,1.50885412e+02
,1.51253816e+02,1.46238584e+02,1.43484196e+02,1.40757397e+02
,1.37468671e+02,1.37138073e+02,1.39772553e+02,1.40410384e+02
,1.45123176e+02,1.46765296e+02,1.51080048e+02,1.55618490e+02
,1.58223989e+02,1.61246302e+02,1.62300990e+02,1.61887151e+02
,1.61746739e+02,1.61691368e+02,1.61778979e+02,1.64699687e+02
,1.65176022e+02,1.67839584e+02,1.68742357e+02,1.69927571e+02
,1.67591996e+02,1.67819439e+02,1.65471849e+02,1.65243396e+02
,1.65400115e+02,1.65469669e+02,1.65454447e+02,1.67546874e+02
,1.70169477e+02,1.69995443e+02,1.74292142e+02,1.74405476e+02
,1.75118041e+02,1.74365032e+02,1.74487937e+02,1.75165278e+02
,1.75199520e+02,1.75032351e+02,1.76946724e+02,1.77374955e+02
,1.77440838e+02,1.74824662e+02,1.76603209e+02,1.77188962e+02
,1.80673007e+02,1.78228979e+02,1.78118852e+02,1.78946974e+02
,1.78999023e+02,1.79088598e+02,1.78961619e+02,1.78389262e+02
,1.81241591e+02,1.81378761e+02,1.81581956e+02,1.80954822e+02]
all_rewards=[11.52131228,4.01529814 ,-110.70443965 ,-242.00746365,-97.48009052
 ,-224.82194091 ,-258.49786573 ,-218.19137176 ,-334.07258763 ,-281.14350828
 ,-162.85123938 ,-229.82024815,-66.99248688 ,-131.72960614 ,-108.06817134
 ,-295.18592249,-76.90468901 ,-148.50838649 ,-174.53363124,-66.36924256
 ,-410.56059402 ,-391.28043067 ,-214.85800163,-28.67405813 ,-533.37325589
,-31.9042779,-121.39329072 ,-146.60973804 ,-296.85258052 ,-342.46985802
 ,-273.38426806,-88.55232108 ,-392.46141639 ,-442.70668508 ,-172.58109849
,-96.86590944 ,-183.23076904,-16.66727949 ,-272.1823986,-61.9816539
 ,-173.17925478 ,-125.56412498 ,-356.251394,-173.2488489,-187.47323491
 ,-501.44567531 ,-207.6044318,-206.00645407 ,-103.56306547 ,-114.25209351
 ,-150.18218023,-57.34493587,-89.94020476 ,-131.2511454,-138.71270507
,69.38334032 ,-148.64860742 ,-272.65999276 ,-272.56854892 ,-184.0479186
,-96.8926022,-79.98461232,-86.10632573,-46.25613612 ,-150.60167047
 ,-226.34407348 ,-213.97853723 ,-193.75666435 ,-151.00944922 ,-140.72116214
,-81.81993067 ,-131.59347248 ,-151.37269637 ,-108.83235484 ,-116.22071684
 ,-265.8179292,-71.71596017,-83.17505795,34.69443066 ,-100.83539137
,-15.54548272 ,-167.9484226,-97.0556223,-79.83323047 ,-203.38893652
 ,-195.17881087 ,-167.49842119 ,-158.27998356,-95.36439833 ,-119.1699598
,-57.78320436 ,-116.02959762,-40.83714052 ,-193.15825728,-90.04557832
,-61.77331589,-56.68178441,-50.15173553,-63.28821032,-38.7550967
,-85.42058077,-26.05470846,-99.24796986,-63.90965829,-33.46468223
,-48.52724625,-44.93507539 ,-282.49859279 ,-231.79282226 ,-219.2040439
 ,-230.37534425 ,-253.10021197 ,-357.00822779 ,-276.13120455 ,-324.16964069
 ,-314.00554741 ,-373.5001352,-309.99090375 ,-375.70515446 ,-287.90493763
 ,-224.43346343 ,-286.13581008,-31.58184594 ,-153.84086542 ,-217.61118673
 ,-194.0712699,-132.63301218 ,-136.00586522 ,-104.41797172 ,-199.58831475
,-21.16777419 ,-208.18468582,-65.92511639 ,-466.31714604 ,-185.33509183
 ,-135.66523946 ,-206.02497484 ,-176.84137403 ,-149.06995609,-10.06267527
,-31.68422012 ,-202.41589648 ,-189.40806291 ,-153.99460342,-85.87644835
 ,-151.9000646,-119.86952307 ,-214.62158144 ,-148.31351481 ,-144.8344367
 ,-143.24201854 ,-188.87587805 ,-139.23737578 ,-132.33371959,-69.84650764
 ,-137.74230882,-75.23398199,-84.73465482 ,-720.42216003,-68.36142743
 ,-125.07123963,-97.52435943,-78.32892734 ,-109.50099613 ,-100.41164825
,-45.8241112,-44.7941678,-60.77412126,-37.26060494,-64.39529539
 ,-130.64711145,-91.09483391,-52.16255641 ,-153.70106358 ,-136.01149099
 ,-143.20301663,-59.31608616 ,-135.57627278 ,-122.65564717 ,-113.60873823
 ,-209.05875004,-88.43898159 ,-502.18033074 ,-103.40745118,-57.43721099
,-6.9290353,-130.59056381,1.23134735 ,-102.47201985 ,-115.02679554
,-13.20547935,-70.23870806 ,-132.65076378,-90.09168396 ,-195.19222782
,-75.76844389,-31.50771873,-22.46882708,-93.47945901,-65.49035109
,-89.43304251 ,-150.69182232,-84.40395408 ,-168.55016944 ,-200.77440546
,262.19314608,-34.47329911,-59.26481344,-26.95723744,4.70914937
 ,-106.00532121,-68.08509417,-45.71933491,-84.5164641,-60.0402079
,-27.37456513 ,-124.56015991,-47.53275138,5.04347771,-59.68432991
 ,-101.05451507,-17.37627261,-94.09356595,-89.85899937,-57.86759416
,-28.53667475,188.27806076,-92.80240155,-40.79494983,-17.36237022
,-6.72048298,-8.97914456 ,-212.83763819 ,-127.81217535,-30.96334375
,-72.04343182 ,-109.65739688 ,-281.45028453 ,-156.06366644 ,-116.17588372
,-79.38784461,206.912355,-96.18331265 ,-497.60883504,133.4299696
,175.6848312,-71.33327993,121.87388379,103.60936778,162.5509169
,-68.825708,-161.03569544,-36.5362205,162.99658468,-47.15757366
,112.15121689,-17.4784441,261.14462108,214.12657212,-18.97134118
,237.99731751,167.57136678,170.08139159,-66.52548815,238.45123254
,260.39134093,238.37131003,-19.25584706,216.32480745,271.79916624
,-68.04032372,39.48836793,242.52382839,252.76203648,187.90430593
,193.84147188,207.73350897,191.34339217,-2.54065688,219.38959537
,133.16863679 ,-124.8512095,225.73568287 ,-791.73689566,-55.85332257
,293.32127433,-13.83809378,166.29624777 ,-208.25914479,238.31934984
 ,-465.78942956,223.48261297,28.03216825,243.40251379,248.11242588
,293.12574087,260.77238923,-47.37602314 ,-197.31148412,255.20785771
,198.46385127,212.02674795,202.36680104 ,-160.78895698,68.73837408
,102.64745556,210.022412,-114.64139824,261.58561159 ,-189.79376806
,51.80257005,196.88981391 ,-193.81063126,195.91778046,128.74507433
,202.83989005 ,-208.11155731,12.46451518,-15.41560504,272.75225887
,-16.02821777,-67.32667483,279.24946958 ,-390.12982377 ,-231.70585611
,228.490084,207.96498096,228.87578101,240.45967345,276.22728966
,202.10124044,62.14897187 ,-318.29662157,112.84013904,251.53974309
,207.25379003,-72.76325214 ,-359.97120571,248.79510812,27.38280673
,186.75103539,228.67410303,208.11233399,276.83695576,-43.12772216
,-67.79902496,-19.91108174,213.56983543 ,-227.02262581,36.66043626
 ,-183.65597207 ,-175.58016883,-14.00083017,-26.65854653,128.10187768
,227.1764069,227.98080755,159.76740877,212.89124268,-72.43338796
,187.99540214,-70.89853548,163.57084592,135.56614446,253.51030177
,242.46682676,239.22137212,247.77667511,272.54998609,259.5076859
,259.07802352,23.23648,-53.93332168,214.52636038 ,-232.63110205
,245.41659354,229.68334555,264.87204223,224.34822531,206.20540598
,265.3246801,270.04657185,94.56222777,204.90050796,269.59514202
,184.07334897,30.29878833,213.43558206,-78.05071001,233.13550717
,240.38372403,155.98599655,248.25356169,265.07426745,234.29824534
,287.17275166,-65.87184105,215.24410535,238.27827256,289.57821571
,241.01905005,253.36944225,72.3057652,-66.65897627,231.41232387
,235.89321636,5.99154897,271.39518402,-30.67097026,234.70250222
,261.16861683,-82.31572909,256.40394662,280.57061968,289.58283117
,259.26991955 ,-227.01018715,150.45835364,252.35782853,303.78525952
,267.65346938 ,-248.80663641,267.14373589,250.73802429,295.00470263
,227.91528378,201.31949193,277.48427484,263.95505162,291.45780208
,204.74968947,211.13443089,134.46873418,243.73027754,272.46376757
,187.89574739,159.95073027,-22.89158223,239.50553134 ,-213.48265198
,223.59146588 ,-272.84918103,-67.32643123,4.15704869 ,-372.00029416
 ,-100.8588694,243.53694082,277.35294897,244.25653741,200.87246678
,247.81926238,278.26404828,246.54903296,275.57271047,233.57071345
,185.79249779,213.9396099,154.23026631,221.65237792,219.63740441
,235.62888049,195.45765983,253.84814281,254.0876123,19.95276389
,265.21118582,4.46231642,224.93141254,288.22188314,266.46304514
,257.55588068,232.47910399,208.32704902,197.1229152,197.03877575
,256.75003673,300.93981648,189.57112022,236.63872594,273.93951907
,268.74895641,253.32962943,285.99954553,247.72357536,276.1834344
,-77.54423858,208.15350816,272.01082419,270.35382005,-11.26730278
,229.3710651,238.79820007,253.45848603,274.03169584,221.60035193
,229.9370569,219.36110205,228.96109869,258.59778207,226.86480074]