all_average=[-108.58797462,-196.85648748,-296.60070737,-285.6491392,-243.92514412
,-209.65329537,-231.76233556,-217.13127868,-203.80130927,-218.15854868
,-243.98694786,-245.09908887,-248.5126924,-252.57327629,-243.71579117
,-241.85226737,-232.41991261,-225.98753976,-219.46715069,-215.70569984
,-206.20880125,-201.91671992,-198.91555646,-198.82964012,-196.73742157
,-197.26111567,-192.11313039,-190.26752253,-194.74437851,-190.8989847
,-186.97359189,-184.21066325,-182.66739385,-179.28609815,-176.5980543
,-175.31061688,-180.17208526,-179.65717492,-178.13135837,-176.19425945
,-174.94317453,-173.72737906,-171.76387073,-170.16672296,-167.68914605
,-167.66539768,-167.00703355,-166.04820775,-164.44698413,-163.63283578
,-162.66323457,-161.07035166,-160.85525831,-158.75439026,-157.26761241
,-156.18704989,-155.8352439,-155.24642813,-154.51953095,-154.57045444
,-153.98265038,-152.15628965,-150.47390384,-149.49768233,-148.93392727
,-147.91800784,-147.5759262,-148.09278472,-147.1123139,-146.2231446
,-144.81216428,-144.56193882,-143.80251535,-143.48101391,-143.14377844
,-142.54179172,-141.35910419,-140.13756219,-139.59306627,-139.32158475
,-138.27190794,-137.63116759,-136.70619972,-136.78162295,-136.07633891
,-135.76653837,-135.02000181,-134.9025433,-133.42756052,-133.13127866
,-133.71297909,-133.6385312,-135.45098068,-134.8173673,-134.47118175
,-135.05188604,-134.0882194,-134.57848254,-134.4212319,-133.95110516
,-132.82586468,-129.94334233,-126.40474903,-124.30913947,-123.85875282
,-124.72342879,-121.54810348,-121.19521307,-122.2439508,-121.33843486
,-117.31904681,-115.56282324,-113.95479183,-112.23124756,-112.32912073
,-112.46185102,-112.69854341,-112.98557118,-113.1061651,-113.02349485
,-113.3922474,-112.54578224,-112.06863236,-110.67547468,-109.67203809
,-108.33022433,-108.17832697,-107.81617344,-109.42730412,-111.32753405
,-111.81573644,-111.84917181,-112.75352397,-114.06927011,-114.34700958
,-115.41997788,-112.53575186,-111.81114407,-110.84944116,-110.67344681
,-115.73598327,-116.26893589,-116.40677222,-116.74769167,-117.51277785
,-114.43626777,-113.67529274,-113.40373544,-114.02751619,-113.95662927
,-111.96964215,-113.86699287,-112.00643459,-114.06004688,-114.07304357
,-114.09828204,-113.54824943,-111.2133265,-110.77589871,-109.80517117
,-112.1001092,-112.85018369,-113.1123923,-113.69618101,-112.82532825
,-112.76086621,-111.92860639,-111.011265,-111.24047652,-111.7195405
,-113.89005731,-113.48183584,-113.46342295,-113.21269125,-112.76285029
,-112.77079215,-115.10424306,-119.09743933,-119.42740917,-118.95903668
,-119.23508398,-119.25592052,-119.44841386,-118.67796817,-117.92598854
,-117.38701745,-116.95592781,-116.00734855,-115.62773032,-113.10533798
,-112.10130296,-109.12265804,-106.81189562,-106.03166154,-105.6476277
,-104.37328158,-104.31591105,-102.7697258,-102.28075408,-102.38672345
,-108.53304809,-108.95055998,-108.48986647,-108.93975352,-105.79128457
,-105.17949042,-106.41764397,-107.0108599,-105.17413983,-102.78181293
,-99.77781009,-97.14588936,-97.16538542,-94.02739301,-93.32831566
,-88.6040314,-88.01012684,-84.66957189,-84.50265478,-83.61418212
,-84.45990523,-85.93043262,-86.07104829,-83.37274309,-85.9043683
,-85.9379099,-85.89317878,-85.17150898,-77.77528962,-76.06073598
,-75.57052008,-72.37855162,-68.43908437,-68.5005657,-68.83672537
,-67.98825768,-65.71412028,-63.74187184,-66.42575553,-68.28283772
,-64.57136334,-67.42687799,-68.56548602,-65.27835843,-61.61111439
,-63.26195624,-64.36245681,-61.42677484,-61.28253155,-61.18496906
,-62.67847177,-57.66182359,-56.58832839,-56.85380793,-56.07641351
,-53.14659633,-52.67635735,-53.80259669,-53.93510403,-53.79945459
,-56.09231346,-57.60535571,-59.19104083,-60.82955907,-62.63131446
,-64.94343384,-64.34859365,-61.85554639,-63.1717639,-63.53029459
,-62.7771497,-65.33763988,-66.33697767,-63.68626577,-63.10808697
,-60.48704667,-56.66131265,-52.52040264,-52.80731195,-53.72508824
,-54.11917065,-54.01394093,-54.26250867,-51.63595249,-52.55876668
,-50.31008314,-48.11756194,-48.1929267,-46.16645667,-48.79837965
,-45.68011103,-45.031026,-45.42715535,-46.40638627,-46.83134349
,-46.7712943,-47.08980326,-45.04237295,-44.65336359,-41.53087959
,-34.152116,-35.69945738,-35.59210093,-36.15536613,-39.41649375
,-39.31234852,-35.15678409,-31.823064,-31.58380935,-29.82339455
,-32.55736117,-36.46440971,-32.71770055,-32.29739753,-29.72157883
,-36.3641476,-38.64375025,-40.76955657,-37.19674982,-39.13465194
,-39.02030724,-38.86785307,-39.0515664,-38.70762963,-33.60948174
,-30.17030309,-27.43326513,-24.91640975,-25.51941677,-22.07734345
,-18.73661605,-18.58379855,-17.54949687,-13.04655277,-9.39109986
,-5.46207635,-4.88357724,-3.43324232,2.2529931,7.81431602
,13.13535088,20.10680897,25.17111933,25.79951872,25.82572507
,23.70488073,26.70991365,26.78297854,30.64966606,34.22285098
,37.27259715,37.61800461,38.55499995,43.41379828,45.44796764
,46.07423245,48.86456162,48.31795459,48.13671536,51.36729
,59.50086538,64.72255148,69.59766707,75.15809406,75.56308368
,81.34368743,83.54867928,83.99780832,88.97179938,92.37552966
,93.08873574,98.89313224,99.48908632,100.5660554,99.3777315
,100.20317426,97.16472001,95.64775609,96.10645797,96.33244253
,97.27620369,96.73610768,94.00091946,90.40298105,90.16808384
,87.00591578,82.47470235,81.9809572,75.69153713,75.15582832
,69.94262181,65.16605385,65.00036554,67.81968091,66.36381108
,64.95867055,61.87888586,58.4279541,57.28542231,53.44357416
,51.13774786,52.95920724,52.24687843,52.21128434,50.77276616
,50.61842292,46.71806371,43.09481947,45.06984564,41.10742262
,44.55133735,45.19586379,45.436416,41.36813042,41.34176123
,47.51760639,48.28829401,47.79512115,44.57122348,45.90262019
,47.02243264,50.63094257,53.70169738,52.70383918,53.11244772
,52.84190962,53.19200987,53.54108926,54.06430149,54.21064356
,54.10166971,54.30447805,53.97710938,53.89599421,54.16411889
,54.15807628,54.07070931,51.36249765,50.93180211,50.6701314
,50.67207222,50.89697588,50.76619014,50.48543549,50.71412969
,55.59081611,56.68364313,54.87655058,54.84273314,54.76865728
,54.97772267,52.52842982,52.70843848,53.64512108,54.13181256
,54.04689117,54.37033967,57.07391305,60.63997087,60.19620945
,60.20825681,59.88287358,60.04766114,59.76708347,62.60301848
,61.59179195,61.82875289,62.11264667,59.27072891,57.34895738
,60.85970065,61.3357514,65.03661894,64.58964791,68.84427291
,68.90520247,73.64779716,75.65466534,79.40190922,83.15188081
,85.82988411,89.86526064,96.08175424,100.55906537,104.38907567
,108.52769436,113.81718126,117.36251566,121.43714599,125.64309401
,131.21574607,136.56232882,140.66268135,140.99119803,145.84596625
,150.27097982,156.29560674,160.71664469,164.92930138,169.07358332]
all_rewards=[-1.08587975e+02,-2.85125000e+02,-4.96089147e+02,-2.52794435e+02
,-7.70291638e+01,-3.82940516e+01,-3.64416577e+02,-1.14713881e+02
,-9.71615540e+01,-3.47373703e+02,-5.02270940e+02,-2.57332640e+02
,-2.89475935e+02,-3.05360867e+02,-1.19710999e+02,-2.13899410e+02
,-8.15022365e+01,-1.16637201e+02,-1.02100147e+02,-1.44238134e+02
,-1.62708295e+01,-1.11783012e+02,-1.32889960e+02,-1.96853564e+02
,-1.46524176e+02,-2.10353468e+02,-5.82655131e+01,-1.40436110e+02
,-3.20096346e+02,-7.93825643e+01,-6.92118076e+01,-9.85598753e+01
,-1.33282773e+02,-6.77033401e+01,-8.52045631e+01,-1.30250307e+02
,-3.55184947e+02,-1.60605492e+02,-1.20150330e+02,-1.00647401e+02
,-1.24899778e+02,-1.23879765e+02,-8.92965212e+01,-1.01489369e+02
,-5.86757623e+01,-1.66596721e+02,-1.36722283e+02,-1.20983395e+02
,-8.75882503e+01,-1.23739566e+02,-1.14183174e+02,-7.98333232e+01
,-1.49670404e+02,-4.74083836e+01,-7.69816087e+01,-9.67561111e+01
,-1.36134108e+02,-1.21683929e+02,-1.12359495e+02,-1.57574940e+02
,-1.18714407e+02,-4.07482848e+01,-4.61659839e+01,-8.79957268e+01
,-1.12853604e+02,-8.18832450e+01,-1.24998538e+02,-1.82722306e+02
,-8.04402981e+01,-8.48704627e+01,-4.60435416e+01,-1.26795931e+02
,-8.91240254e+01,-1.20011409e+02,-1.18188354e+02,-9.73927882e+01
,-5.14748519e+01,-4.60788277e+01,-9.71223844e+01,-1.17874545e+02
,-5.42977632e+01,-8.57311989e+01,-6.08588347e+01,-1.43041751e+02
,-7.68324791e+01,-1.09433493e+02,-7.08178579e+01,-1.24683653e+02
,-3.62907562e+00,-1.06762193e+02,-1.86066018e+02,-1.26863773e+02
,-3.02196333e+02,-7.58913227e+01,-1.01929741e+02,-1.90218793e+02
,-4.15762217e+01,-1.82134007e+02,-1.19010670e+02,-8.74085575e+01
,3.93607273e+00,3.12723528e+00,-1.42229817e+02,-4.32334790e+01
,-3.19904989e+01,-1.24761648e+02,-4.68840457e+01,-7.94248399e+01
,-2.02035327e+02,-2.56822109e+02,-1.00332135e+02,-8.17102835e+01
,-1.28672793e+02,-1.33006440e+02,-1.29498317e+02,-2.27172439e+02
,-1.05171476e+02,-1.45339978e+02,-1.14159539e+02,-1.35971109e+02
,-5.31460837e+01,-2.71364966e+01,-8.51749721e+01,-5.75377965e+01
,-4.61805168e+01,-7.61720922e+01,-4.30757774e+01,-1.04220757e+02
,-4.81209414e+02,-2.69405556e+02,-1.18032047e+02,-1.01903412e+02
,-2.23717990e+02,-1.99277954e+02,-1.12978510e+02,-2.37547137e+02
,-6.67623448e+01,-8.81447134e+01,-2.39800385e+01,-8.30479665e+01
,-6.31153424e+02,-1.77175027e+02,-1.03080154e+02,-1.35581314e+02
,-1.35184380e+02,1.41054287e+02,-6.06247807e+01,-9.38276653e+01
,-1.49966325e+02,-1.16650875e+02,8.45155383e+01,-2.69568395e+02
,3.63854236e+01,-2.52769613e+02,-7.82812776e+01,-9.92799577e+01
,-8.11308473e+01,1.11808363e+02,-6.86167159e+01,-6.05021854e+01
,-3.48208210e+02,-1.15755734e+02,-7.23868453e+01,-1.46374598e+02
,-2.57683267e+01,-7.54370413e+01,-4.17725562e+01,-9.09881665e+01
,-1.03361450e+02,-1.32776860e+02,-2.63095223e+02,-8.59737842e+01
,-8.72827364e+01,-9.49382385e+01,-7.32042582e+01,-9.81869741e+01
,-2.84819943e+02,-4.45398454e+02,-1.30119369e+02,-7.10372967e+01
,-8.19024930e+01,-8.78148523e+01,-8.01081694e+01,-6.59971814e+01
,-1.63451666e+00,-5.55363838e+01,-2.77088932e+01,-2.98257272e+01
,3.43327474e+01,1.45477041e+02,-8.56625165e+01,1.71000720e+02
,-7.11200911e+01,2.13208551e+00,-6.35263572e+01,-6.27841806e+01
,-3.58391688e+01,-2.75154820e+01,-7.01134979e+01,-9.80054946e+01
,-6.10696391e+02,-3.86239536e+01,-9.61604665e+01,-8.82221844e+01
,2.82856396e+02,-6.35822332e+01,-1.70699400e+02,-1.38746433e+02
,-1.83633198e+01,-1.75894197e+01,2.00068150e+02,1.81481789e+02
,-1.30622400e+02,1.80792801e+02,-5.95905809e+01,2.45255987e+02
,-4.57810204e+01,1.88715517e+02,-9.74678276e+01,-4.71238431e+01
,-1.37718395e+02,-1.74189235e+02,-9.92365397e+01,2.12292723e+02
,-2.99343038e+02,-7.95262518e+01,-3.86026660e+01,-3.20537769e+01
,2.58412521e+02,-9.79501928e+01,-6.90104569e+01,2.17293434e+02
,1.70228735e+02,-2.05426087e+02,-1.46594477e+02,-1.52700367e+02
,1.60651395e+02,1.09080131e+02,-2.92368408e+02,-2.68756185e+02
,-2.60005986e+02,-4.62726492e+02,-2.16940958e+02,1.93131445e+02
,2.31540024e+02,-2.40298973e+01,-1.70674838e+02,1.99740532e+02
,-1.35541996e+02,-1.06894626e+02,-6.48347320e+01,2.32096423e+02
,1.43734943e+02,-2.79317566e+02,-5.41835638e-01,1.93701760e+02
,-3.41069494e+01,-8.15570649e-01,-8.18674500e+01,-4.69372411e+01
,-5.77494098e+02,-2.67059958e+02,-2.30955358e+02,-3.10226421e+02
,-2.05943866e+02,-3.06648979e+02,1.77114630e+01,1.58316559e+02
,-2.34983201e+02,-1.68629929e+02,-1.87780734e+02,-3.42022802e+02
,-1.87216515e+02,1.70132952e+02,-1.53863783e+01,1.63917056e+02
,9.77534589e+01,-3.13074531e+01,-1.58810300e+02,-1.62814926e+02
,-1.21310734e+02,-7.72918804e+01,-1.04964943e+02,1.96658436e+02
,-9.39159355e+01,1.69331970e+02,1.91543228e+02,-3.73622036e+01
,2.36979750e+02,-1.17715256e+02,2.26164345e+02,2.35909222e+02
,-1.10733026e+02,-9.57910060e+01,-1.06022080e+02,-5.67792615e+01
,-6.76900649e+01,1.77227549e+02,-3.12125622e+01,2.14242906e+02
,1.27179968e+02,-1.93358092e+02,-8.54248219e+01,-1.44548704e+02
,-4.32563663e+01,-5.31677098e+01,2.44857042e+02,1.94625577e+02
,5.56214488e+00,1.58452061e+02,-7.33285125e+01,-2.09223065e+02
,2.44048516e+02,2.22823103e+02,1.97991289e+02,-4.19000890e+02
,-2.73741286e+02,-2.38651148e+01,2.59812848e+02,-2.40914055e+02
,-1.26283925e+02,-1.58943818e+02,-1.17607873e+02,2.46686400e+02
,2.10471751e+02,2.64391613e+02,2.35101130e+02,2.19631761e+02
,1.98111820e+02,2.46257140e+02,2.65062283e+02,2.32575185e+02
,2.73658903e+02,2.44868322e+02,2.18950814e+02,2.40201984e+02
,2.18501306e+02,2.54113623e+02,2.76255134e+02,2.87376107e+02
,2.72097500e+02,2.34419317e+02,2.89490078e+02,2.55971385e+02
,2.34160659e+02,-2.36114332e+02,1.29828454e+02,2.07047021e+02
,2.51126755e+02,2.50423866e+02,2.40139886e+02,2.66637168e+02
,2.37434477e+02,2.06562267e+02,2.02875100e+02,2.56328241e+02
,2.44925968e+02,-5.54762736e+01,-9.99913727e+01,2.76120223e+02
,2.35863440e+02,2.55108652e+02,2.56556201e+02,2.45816277e+02
,-1.65444903e+02,2.71411395e+02,2.38210649e+02,2.03229463e+02
,2.62415905e+02,1.71743099e+02,-1.16460126e+02,2.38416848e+02
,-1.27621107e+02,2.77829859e+02,-1.34218769e+02,2.46461332e+02
,-2.06091966e+02,-1.83003845e+02,-1.12940112e+02,-1.40216469e+02
,-2.69346178e+01,-1.31301482e+02,-3.78483765e+02,-1.63135404e+02
,-1.17405657e+02,-1.46884837e+02,-2.61578114e+02,-8.67367194e+01
,-3.91962257e+02,-1.71286137e+02,-2.95156305e+02,-2.41747574e+02
,-1.27301857e+02,1.86140531e+02,-2.51609062e+02,-1.97293315e+02
,-3.75668534e+02,-1.67865627e+02,-1.45465741e+02,-1.69941909e+02
,-1.03402662e+02,-1.12121534e+01,-1.56657703e+02,-1.48108113e+02
,-1.87108185e+02,-6.86020334e+01,-1.45178879e+02,-1.67698846e+02
,2.03064762e+02,-2.37790241e+02,2.71062961e+02,-1.44770421e+02
,2.68103737e+02,-1.84005454e+02,1.95354370e+02,1.98583626e+02
,-1.96672523e+02,-7.31824013e+01,-6.25769194e+01,-1.07774384e+02
,-1.43026804e+01,2.01907174e+02,1.89467609e+02,1.46900580e+02
,2.51332605e+02,2.37337804e+02,2.70111155e+02,2.54539699e+02
,2.50433043e+02,2.60891347e+02,2.54164897e+02,2.52856019e+02
,2.40922036e+02,2.36756804e+02,2.45763282e+02,2.39597724e+02
,2.09764608e+02,-1.67075429e+01,2.33185579e+02,2.61209036e+02
,2.72291583e+02,2.56909683e+02,2.76411504e+02,2.27895920e+02
,2.57030078e+02,2.51554311e+02,2.39111157e+02,2.63377660e+01
,2.47745011e+02,2.43016280e+02,2.61046424e+02,2.17078827e+01
,2.55435343e+02,3.00230527e+02,2.51544249e+02,2.47836102e+02
,2.77270818e+02,2.14881065e+02,2.56614409e+02,2.31744081e+02
,2.37068177e+02,2.22570329e+02,2.73034956e+02,2.17758510e+02
,1.18148598e+02,1.70288742e+02,2.61906742e+02,2.31618841e+02
,-2.17758712e+01,-2.04340547e+01,2.34614201e+02,2.86021923e+02
,2.42465647e+02,2.33132757e+02,2.91243731e+02,2.52554287e+02
,2.68167503e+02,1.76829735e+01,2.61784276e+02,2.34780690e+02
,2.40865713e+02,2.72236171e+02,2.43165595e+02,2.84595709e+02
,2.65595373e+02,2.66977032e+02,2.67370575e+02,2.67796721e+02
,1.55007759e+01,2.49308665e+02,2.62108900e+02,2.92910701e+02
,2.82733396e+02,2.18992200e+02,2.33867759e+02,2.45208042e+02
,2.26794159e+02,2.74238168e+02,2.75799928e+02,2.44486285e+02]