all_average=[-258.38171717,-299.2438965,-264.40727811,-212.60829051,-281.07565735
,-249.03902043,-268.8128805,-278.10217507,-247.05065919,-246.85897028
,-232.82858005,-228.66727699,-227.51217973,-219.80815341,-213.0375583
,-213.29240076,-205.3766316,-199.46393533,-194.39845998,-196.77704443
,-193.46313271,-198.9816998,-196.15633728,-192.45263784,-190.79150662
,-189.58599682,-188.27521772,-184.75119078,-181.45546357,-178.15045752
,-174.59247185,-173.66328905,-172.11979664,-169.58304276,-167.41505273
,-165.35993661,-163.1024966,-160.87862186,-160.93017035,-159.4390937
,-158.2673052,-157.71413861,-154.94225713,-153.70415114,-156.61368332
,-154.36483698,-152.04836967,-147.78299656,-151.13305866,-150.73980706
,-150.56620209,-150.05861667,-151.10235596,-148.9043466,-148.30751728
,-150.88473717,-152.7957611,-153.10822918,-154.41163881,-154.51777621
,-152.68195133,-151.01425597,-149.92781757,-149.11829488,-150.3635542
,-152.49622666,-150.27326189,-148.92031454,-147.61400957,-145.91561209
,-144.50663272,-143.53648545,-143.00501468,-142.0812357,-140.71886442
,-139.75165483,-139.08360363,-137.12428738,-136.08812857,-136.22323282
,-135.68857473,-135.00434257,-133.90125862,-133.72599119,-132.63777771
,-136.40196952,-135.13452086,-134.33715319,-133.79717449,-132.53442937
,-131.54795426,-131.33812854,-130.38020758,-129.13488965,-128.426167
,-129.8384909,-130.09949553,-132.77559265,-132.99271256,-133.91983469
,-134.76426353,-132.80902577,-130.92713549,-132.87437985,-129.00617575
,-129.29373426,-125.73958695,-122.4702324,-122.80224848,-121.87909304
,-121.6091447,-121.19287,-120.11630726,-120.62946967,-121.55761463
,-119.50134395,-119.05544458,-118.96932815,-119.29583333,-117.21640019
,-117.08166179,-114.61416926,-114.14272962,-113.39840056,-112.91810429
,-112.10242216,-111.40187168,-111.69404498,-111.53745015,-112.4989843
,-112.54107263,-112.51304316,-112.20601011,-111.83926206,-111.74445927
,-112.15272614,-112.15284888,-111.5650972,-110.22782566,-109.9986384
,-109.67998568,-108.99652468,-109.24679913,-108.76085696,-107.24362201
,-108.05647863,-108.92993095,-110.62631213,-108.11661991,-108.38387995
,-107.04077273,-106.67942604,-105.61688777,-106.47488568,-105.4502026
,-103.19759065,-101.01424623,-100.35048754,-99.19748975,-98.48836708
,-98.84484355,-99.67337697,-99.93975674,-101.70035576,-100.31288198
,-98.57241855,-100.00055375,-100.84788203,-101.51682268,-102.58421253
,-103.14143856,-101.84609959,-101.79508535,-102.27537173,-102.82103546
,-102.75719536,-103.36262204,-104.52605203,-105.32675153,-106.51732182
,-108.56248299,-108.48765187,-109.18554779,-109.49264658,-109.76327678
,-106.10305121,-106.25526189,-106.32001536,-105.73311966,-106.39019008
,-106.70152227,-107.03593426,-107.38281263,-108.39347899,-108.6954534
,-106.67867035,-106.18192508,-103.01704761,-102.55101026,-101.28404225
,-98.02099051,-97.90166219,-99.15241404,-97.62337867,-96.95313191
,-97.1727295,-98.92147494,-99.67474117,-100.82984544,-105.60330931
,-105.54803883,-104.83124941,-104.67495764,-103.88022507,-102.59302492
,-103.49709384,-104.36273899,-103.73866675,-103.32331892,-103.91569824
,-103.28940095,-103.59068026,-103.37399354,-102.88090279,-102.52613611
,-102.71741761,-102.41108575,-102.10007045,-102.4189676,-101.95811604
,-101.9690966,-101.92771842,-101.21082918,-101.61793919,-102.19523228
,-102.09924141,-102.05630945,-102.5451605,-103.52015028,-103.6305129
,-104.12171171,-104.557293,-104.62044157,-105.12523173,-104.75541659
,-104.6087773,-104.21852898,-104.05205046,-104.2440105,-103.48034155
,-104.72171416,-104.74371989,-103.98892481,-104.0022655,-104.89781948
,-106.33644971,-106.23573943,-106.22771855,-106.26131893,-106.45378203
,-106.91602866,-106.80705422,-106.85922175,-105.47097098,-105.59343124
,-105.25291584,-104.93919135,-104.57528611,-104.52069911,-104.48143528
,-104.58567566,-106.03031168,-105.71625259,-105.61510917,-105.87754956
,-106.30179291,-105.12568044,-105.21828943,-104.31481693,-102.73355369
,-100.8449848,-101.12953649,-100.88182354,-100.40839104,-100.17209386
,-99.83913219,-100.51243663,-100.9934483,-101.17034808,-101.3787575
,-101.77300554,-101.09414023,-101.07414268,-101.10480573,-100.39281185
,-100.40323781,-100.43877654,-101.1094465,-100.6003214,-100.76783219
,-101.64997634,-100.71022254,-100.04025238,-99.92444618,-98.55266124
,-98.54467922,-97.94582353,-99.51773971,-99.20056623,-93.39892137
,-93.90347082,-93.56537788,-93.35827383,-93.32960841,-92.82724684
,-92.94049647,-92.43496342,-92.13935093,-91.95561022,-92.14679934
,-92.70952715,-92.49364515,-92.25548965,-93.08307633,-92.98141823
,-92.21639921,-92.58816797,-92.21235803,-91.66506226,-91.69429763
,-91.24748968,-90.09500223,-90.67779156,-90.38132485,-90.11116145
,-89.82498542,-89.15543737,-91.51702635,-90.88657567,-90.78600757
,-90.35774226,-93.50021631,-93.64297586,-93.97867,-93.96431934
,-92.77304624,-92.59823246,-92.46377092,-91.81147535,-92.31264348
,-91.77370441,-91.29448583,-91.01391913,-91.33566996,-90.68159148
,-89.09176391,-88.9768471,-89.90863377,-89.46097635,-89.16209524
,-88.13314492,-87.4330118,-87.19817733,-86.70240797,-86.31832418
,-86.06085791,-85.59203055,-85.06903431,-84.55255762,-83.84765898
,-83.98405357,-83.68016913,-83.86704181,-83.34007393,-82.61529302
,-82.0651608,-82.24712457,-81.76086275,-82.3324492,-82.20649325
,-81.22168249,-80.87082654,-80.90760997,-80.97524258,-80.68287398
,-81.26868204,-80.68302255,-79.89464265,-80.37432454,-80.14756795
,-79.85127704,-79.84852807,-80.35887531,-80.0783629,-81.38555836
,-81.37798975,-80.55664201,-79.85976885,-80.50272817,-79.76624835
,-78.87107987,-79.102925,-78.32674829,-78.26388567,-79.08544834
,-78.50107744,-77.52856211,-76.12899722,-75.69631846,-75.22979514
,-74.67601504,-75.34755015,-78.43308711,-79.13537413,-79.83966264
,-81.09379639,-81.09696336,-82.14198628,-82.33614589,-82.35971266
,-82.54502434,-82.77923885,-82.79103399,-82.95775145,-83.13230138
,-83.5184993,-84.18289021,-83.86283025,-83.72162689,-82.87663351
,-82.74491726,-83.46299335,-83.45911683,-83.50302775,-82.98915514
,-83.15048092,-83.80252551,-81.78346992,-81.52100835,-81.43860584
,-80.75673668,-77.12370608,-76.66759942,-75.99108536,-75.75252159
,-77.89631649,-78.19860559,-78.19729643,-78.86745063,-77.29255671
,-76.51864948,-76.60935257,-76.9694365,-76.51069384,-77.38000479
,-77.01519695,-77.37801588,-76.27524643,-75.8732991,-75.35900144
,-76.09355869,-76.08976572,-75.65203003,-75.60754284,-75.72088628
,-76.39269516,-74.07462384,-73.86860071,-73.80368801,-73.88622041
,-73.12301832,-73.70408655,-73.73857405,-73.5787041,-74.25681375
,-75.09554956,-75.30399963,-74.82374328,-74.58034104,-74.26398541
,-74.73218593,-75.10211128,-75.0937232,-74.93654953,-76.1110027
,-74.89820252,-74.88460004,-75.52259951,-74.05129772,-73.69033027
,-73.84505661,-71.17088044,-70.63361383,-70.98436128,-69.76039128
,-70.40664541,-71.18709391,-71.15009996,-70.43986701,-70.52598192]
all_rewards=[-2.58381717e+02,-3.40106076e+02,-1.94734041e+02,-5.72113277e+01
,-5.54945125e+02,-8.88558358e+01,-3.87456041e+02,-3.43127237e+02
,1.36146788e+00,-2.45133770e+02,-9.25246778e+01,-1.82892943e+02
,-2.13651013e+02,-1.19655811e+02,-1.18249227e+02,-2.17115038e+02
,-7.87243251e+01,-9.89480988e+01,-1.03219904e+02,-2.41970149e+02
,-1.27184898e+02,-3.14871609e+02,-1.33998362e+02,-1.07267551e+02
,-1.50924357e+02,-1.59448252e+02,-1.54194961e+02,-8.96024635e+01
,-8.91751015e+01,-8.23052820e+01,-6.78529019e+01,-1.44858622e+02
,-1.22728040e+02,-8.58701644e+01,-9.37033917e+01,-9.34308725e+01
,-8.18346565e+01,-7.85952565e+01,-1.62889013e+02,-1.01287104e+02
,-1.11395765e+02,-1.35034309e+02,-3.85232350e+01,-1.00465594e+02
,-2.84633099e+02,-5.31667519e+01,-4.54908734e+01,5.26895398e+01
,-3.11936040e+02,-1.31470479e+02,-1.41885953e+02,-1.24171760e+02
,-2.05376799e+02,-3.24098507e+01,-1.16078734e+02,-2.92631831e+02
,-2.59813101e+02,-1.70918910e+02,-2.30009397e+02,-1.60779883e+02
,-4.25324583e+01,-4.92848389e+01,-8.25686369e+01,-9.81183653e+01
,-2.30060151e+02,-2.91119937e+02,-3.55758701e+00,-5.82728420e+01
,-5.87852717e+01,-2.87261856e+01,-4.58780773e+01,-7.46560293e+01
,-1.04739119e+02,-7.46453702e+01,-3.99033900e+01,-6.72109358e+01
,-8.83117119e+01,1.37430638e+01,-5.52677413e+01,-1.46896469e+02
,-9.29159279e+01,-7.95815370e+01,-4.34483755e+01,-1.19178795e+02
,-4.12278453e+01,-4.56358273e+02,-2.61339364e+01,-6.49661656e+01
,-8.62790487e+01,-2.01501140e+01,-4.27651945e+01,-1.12243988e+02
,-4.22514800e+01,-1.33203214e+01,-6.18062381e+01,-2.64009261e+02
,-1.55155941e+02,-3.92357013e+02,-1.54270464e+02,-2.25704926e+02
,-3.42824601e+02,-1.44582300e+02,-6.54501415e+00,-2.51935763e+02
,-1.68124715e+02,-1.17611686e+02,-3.20413105e+01,-1.61917816e+01
,-3.18401398e+01,-1.52818227e+02,-6.55298432e+01,-1.41265474e+02
,-1.05994738e+02,-1.70972052e+02,-2.11063723e+02,-1.14879696e+01
,-3.41343880e+01,-9.03364564e+01,-1.35870421e+02,-3.40268350e+01
,-1.13711059e+02,-6.81223553e+01,-8.68543981e+01,-3.28346440e+01
,-1.02894731e+02,-7.78800382e+01,-8.41399134e+01,-1.18819794e+02
,-7.35156180e+01,-1.78458697e+02,-7.20617347e+01,-1.42055675e+02
,-9.20247346e+01,-4.91953592e+01,-8.42231132e+01,-1.34257560e+02
,-8.18469299e+01,-1.98200890e+01,-2.91618583e+01,-7.83683785e+01
,-7.95304928e+01,-6.66882088e+01,-6.35506796e+01,-5.18713771e+01
,-1.32909604e+02,-1.34452414e+02,-1.32836105e+02,-1.16948579e+02
,-6.09668172e+01,-1.58196483e+02,-7.57523125e+00,-8.80370918e+01
,-9.91229712e+01,-1.18209642e+02,-1.36104264e+01,-6.73706361e+01
,-4.14786589e+01,-1.04543041e+02,-1.14709618e+02,-8.98676157e+01
,-7.81801049e+01,-1.32138182e+02,-1.09206613e+02,-2.74178267e+02
,-9.13127726e+01,-1.17073595e+02,-1.46371107e+02,-1.43005669e+02
,-1.25679337e+02,-1.35465170e+02,-1.01600681e+02,5.48778683e+01
,-9.96376948e+01,-1.22674008e+02,-9.44697632e+01,-6.08269254e+01
,-1.48854380e+02,-1.02599935e+02,-1.35337692e+02,-2.65953497e+02
,-2.97432045e+02,-7.20984249e+01,-1.13237967e+02,-1.49888674e+02
,-6.82908648e+01,-9.03357155e+01,-4.13550053e+01,-7.14415124e+01
,-2.75894783e+01,-8.58571563e+01,-7.38984139e+01,-1.45685186e+02
,-7.69393165e+01,-1.14386958e+02,-9.20036792e+01,-6.23309556e+01
,-1.05481414e+02,-7.58692652e+01,-1.07666729e+02,-9.90081250e+01
,-1.65194268e+01,-1.32649467e+02,-1.31620200e+02,-9.90322260e+01
,-1.01100040e+02,-1.39571445e+02,-2.06915855e+02,-9.15184045e+01
,-1.47350567e+02,-6.30164614e+02,-6.00027945e+01,-6.95865323e+01
,-9.03655620e+01,-9.14987945e+01,-8.23437071e+01,-1.01894862e+02
,-1.20698903e+02,-2.79292326e+01,-9.43356377e+01,-9.32647667e+01
,-5.10813307e+01,-9.82502858e+01,-6.51857263e+01,1.64744315e+01
,-6.74180640e+01,-9.70081876e+01,-5.35067277e+01,-8.77182635e+01
,-1.05405333e+02,-1.32373541e+02,-7.31597913e+01,-1.37917857e+02
,-2.03358112e+01,-8.99063601e+01,-1.41952421e+02,-1.24658473e+02
,-7.75537348e+01,-6.87051932e+01,-1.26660836e+02,-8.94046413e+01
,-1.28650374e+02,-1.10246337e+02,-6.98655368e+01,-1.02350393e+02
,-9.59280894e+01,-1.19788485e+02,-9.38112732e+01,-1.00300727e+02
,-8.01628211e+01,-8.18295876e+01,-1.31712493e+02,-9.02376643e+01
,-2.36434637e+01,-1.19543710e+02,-1.03165825e+02,-2.11233659e+02
,-3.14076303e+01,-1.03740954e+02,-1.18069656e+02,-1.09113925e+02
,-1.24404768e+02,-1.21240738e+02,-1.14423367e+02,-1.35353190e+02
,-1.03558798e+02,-8.30220548e+01,-1.14998658e+02,-1.06615145e+02
,-1.20220637e+02,-1.31538787e+02,-1.12024719e+02,-8.95857340e+01
,-6.82317855e+01,-1.12559667e+02,-1.20713802e+02,-1.03251261e+02
,-3.12431330e+01,-1.11860835e+02,-4.49904408e+01,-1.07827174e+02
,-1.08575156e+02,-1.00553593e+02,-8.84666722e+01,-1.02545425e+02
,-4.46611467e+01,-5.70395486e+01,-1.08685449e+02,-1.19542680e+02
,-4.52794564e+01,-1.06698098e+02,-1.13323217e+02,-7.77986556e+01
,-7.49395617e+01,-1.17453263e+02,-2.08042919e+01,-6.33735512e+01
,-1.09035288e+02,-1.42936261e+02,-5.67542182e+01,-1.15759204e+02
,-1.04733842e+02,-3.86740871e+01,-6.46231833e+01,-8.74516060e+01
,3.60784539e+01,-1.38773243e+02,-1.47030286e+02,-2.48710023e+02
,-1.15633219e+02,-5.00001279e+01,-1.10457740e+02,-3.57772381e+01
,-6.96551570e+01,-8.86322522e+01,-3.21075503e+01,-1.13219825e+02
,-7.01455976e+01,1.63201596e+00,-7.59615662e+01,-1.12383679e+02
,-1.07354113e+02,-7.66620852e+01,-4.13701762e+01,-6.62842364e+01
,-5.72522546e+01,-2.05062851e+01,-9.06836036e+01,-5.01372698e+01
,-5.06757564e+01,-1.35297078e+02,-2.84789960e+01,-2.26691120e+01
,-7.86147446e+01,-6.02596890e+01,-1.14936081e+02,-9.60408699e+01
,-1.05989295e+01,-3.04864091e+02,-6.36157680e+01,-7.93478321e+01
,-8.58238419e+01,-4.24493742e+02,-8.41414925e+01,-1.35919807e+02
,-9.44930231e+01,-6.61175568e-01,-7.63298945e+01,-8.68545740e+01
,-1.49332634e+01,-1.31946401e+02,-7.78185856e+01,-4.23158062e+01
,4.41320612e+00,-1.51718793e+02,-3.77579761e+01,-5.22509022e+01
,-1.99159494e+01,-1.96919621e+02,-7.33039140e+01,-7.92258146e+01
,-2.15097360e+01,-5.12274251e+01,-9.09399201e+01,-8.57762548e+01
,-6.51504193e+01,-5.72754273e+01,-6.81159221e+01,-5.43155209e+01
,-6.85729681e+01,-6.10489229e+01,-1.25664178e+02,-5.91972902e+01
,-8.69190536e+01,-5.98628790e+01,-4.82357101e+01,-4.82380393e+01
,-4.94395098e+01,-6.32346522e+01,-1.02149086e+02,-9.52315784e+01
,-1.00940807e+01,-6.54679980e+01,-9.21450151e+01,-1.09308686e+02
,-1.54242868e+01,-1.15620355e+02,-5.01194998e+01,-4.07046891e+01
,-9.32476456e+01,-8.40224389e+01,-8.36941270e+01,-7.75237583e+01
,-1.25974285e+02,-8.94020218e+01,-1.51523838e+02,-6.26166895e+01
,-2.69005143e+01,-7.32489446e+01,-1.21050151e+02,-4.21112217e+01
,-1.52169940e+01,-6.18586004e+01,1.29944871e+01,-8.11653431e+01
,-4.60778135e+01,-8.03361527e+01,-4.97787532e+01,-1.08753534e+02
,-7.23653423e+01,-3.34779576e+00,-5.50797304e+01,-1.02930749e+02
,-3.78208853e+02,-1.58860954e+02,-1.02536402e+02,-2.38633200e+02
,-7.04622946e+01,-1.02870275e+02,-9.53775282e+01,-1.14740355e+02
,-1.25885280e+02,-1.00083537e+02,-4.25496897e+01,-8.29559827e+01
,-7.47072477e+01,-5.91260767e+01,-1.57122695e+02,-1.81312739e+01
,-3.65554202e+01,-5.07977401e+01,-1.53073716e+01,-9.44767205e+01
,-7.82270930e+01,-6.46507807e+01,-6.35488203e+01,-1.12173448e+02
,-7.58033887e+01,-1.02958531e+02,-3.73696114e+01,-7.11075811e+01
,-1.76369262e+01,-6.11906821e+01,-3.85308265e+01,-6.82684006e+01
,-7.06366470e+01,-2.15040665e+02,-1.06558805e+02,-8.67236573e+01
,-8.19486840e+01,2.55429905e+01,-4.27862543e-01,-5.13861148e+01
,-3.15951873e+01,-1.05844527e+02,-1.24689070e+02,-1.57701186e+01
,-5.61978419e+01,-8.66426762e+01,-3.31091812e+01,-2.77960481e+01
,-9.49654612e+01,-5.08481287e+01,-4.71663508e+01,-8.13275354e+01
,-7.64847632e+01,-1.24456315e+02,1.63691210e+02,-3.37132086e+01
,-6.20816974e+01,-6.93021634e+01,-4.93439681e+01,-1.17304114e+02
,-9.03678033e+01,-4.38758843e+01,-1.16046674e+02,-1.32111621e+02
,-7.02845168e+01,-1.52090169e+01,-7.78088625e+01,-6.35960150e+01
,-5.69141336e+01,-1.02460533e+02,-9.13062067e+01,-9.35913183e+01
,-1.32869604e+02,5.65966286e+00,-4.87592517e+01,-1.04504636e+02
,5.38825334e+01,-4.79256938e+01,-9.91667608e+01,1.89893859e+02
,-7.22476249e+01,-1.24476766e+02,-2.91268388e+01,-1.27242103e+02
,-1.04945363e+02,-6.95495503e+01,-5.00268551e+01,-5.07227130e+01]all_average =[-184.40378047 -263.61579462 -225.68745262 -193.83398147 -181.31039487]
all_rewards =[-184.40378047 -342.82780876 -149.83076862  -98.27356802 -131.21604849]